0 0.765625 0.17287234042553193 0.03125 0.0425531914893617
0 0.98046875 0.363031914893617 0.03125 0.0425531914893617
0 0.916015625 0.0398936170212766 0.03125 0.0425531914893617
0 0.4921875 0.007978723404255319 0.03125 0.0425531914893617
0 0.4423828125 0.39095744680851063 0.03125 0.0425531914893617
0 0.3798828125 0.4002659574468085 0.03125 0.0425531914893617
0 0.2861328125 0.4853723404255319 0.03125 0.0425531914893617
0 0.11328125 0.44680851063829785 0.03125 0.0425531914893617
0 0.107421875 0.39361702127659576 0.03125 0.0425531914893617
0 0.1025390625 0.011968085106382979 0.03125 0.0425531914893617
0 0.35546875 0.925531914893617 0.03125 0.0425531914893617
0 0.337890625 0.8909574468085106 0.03125 0.0425531914893617
0 0.330078125 0.8417553191489362 0.03125 0.0425531914893617
0 0.193359375 0.9867021276595744 0.03125 0.0425531914893617
0 0.0673828125 0.9375 0.03125 0.0425531914893617
0 0.068359375 0.8324468085106383 0.03125 0.0425531914893617
0 0.8330078125 0.34175531914893614 0.03125 0.0425531914893617
0 0.990234375 0.20345744680851063 0.03125 0.0425531914893617
0 0.607421875 0.015957446808510637 0.03125 0.0425531914893617
0 0.44921875 0.18085106382978725 0.03125 0.0425531914893617
0 0.1796875 0.21808510638297873 0.03125 0.0425531914893617
0 0.1328125 0.22074468085106383 0.03125 0.0425531914893617
0 0.36328125 0.6436170212765957 0.03125 0.0425531914893617
0 0.6728515625 0.5904255319148937 0.03125 0.0425531914893617
0 0.771484375 0.9308510638297872 0.03125 0.0425531914893617
0 0.46875 0.949468085106383 0.03125 0.0425531914893617
0 0.0439453125 0.9574468085106383 0.03125 0.0425531914893617
0 0.55859375 0.2632978723404255 0.03125 0.0425531914893617
0 0.08203125 0.1875 0.03125 0.0425531914893617
0 0.0595703125 0.11702127659574468 0.03125 0.0425531914893617
0 0.84375 0.773936170212766 0.03125 0.0425531914893617
0 0.376953125 0.22606382978723405 0.03125 0.0425531914893617
0 0.326171875 0.17154255319148937 0.03125 0.0425531914893617
0 0.2861328125 0.2712765957446808 0.03125 0.0425531914893617
0 0.576171875 0.30319148936170215 0.03125 0.0425531914893617
0 0.8017578125 0.2579787234042553 0.03125 0.0425531914893617
0 0.6572265625 0.43617021276595747 0.03125 0.0425531914893617
0 0.720703125 0.4853723404255319 0.03125 0.0425531914893617
0 0.623046875 0.4920212765957447 0.03125 0.0425531914893617
0 0.560546875 0.4787234042553192 0.03125 0.0425531914893617
0 0.65234375 0.23670212765957446 0.03125 0.0425531914893617
1 0.8955078125 0.14627659574468085 0.03125 0.0425531914893617
1 0.92578125 0.07579787234042554 0.03125 0.0425531914893617
1 0.9306640625 0.05319148936170213 0.03125 0.0425531914893617
1 0.841796875 0.04654255319148936 0.03125 0.0425531914893617
1 0.75 0.09973404255319149 0.03125 0.0425531914893617
1 0.6513671875 0.057180851063829786 0.03125 0.0425531914893617
1 0.65234375 0.03856382978723404 0.03125 0.0425531914893617
1 0.634765625 0.043882978723404256 0.03125 0.0425531914893617
1 0.5146484375 0.09574468085106383 0.03125 0.0425531914893617
1 0.5498046875 0.17952127659574468 0.03125 0.0425531914893617
1 0.6025390625 0.20079787234042554 0.03125 0.0425531914893617
1 0.529296875 0.2553191489361702 0.03125 0.0425531914893617
1 0.4833984375 0.1875 0.03125 0.0425531914893617
1 0.6240234375 0.12234042553191489 0.03125 0.0425531914893617
1 0.6787109375 0.22074468085106383 0.03125 0.0425531914893617
1 0.642578125 0.2566489361702128 0.03125 0.0425531914893617
1 0.6025390625 0.34175531914893614 0.03125 0.0425531914893617
1 0.5673828125 0.324468085106383 0.03125 0.0425531914893617
1 0.5634765625 0.46675531914893614 0.03125 0.0425531914893617
1 0.568359375 0.5106382978723404 0.03125 0.0425531914893617
1 0.625 0.4800531914893617 0.03125 0.0425531914893617
1 0.6611328125 0.4295212765957447 0.03125 0.0425531914893617
1 0.6845703125 0.44148936170212766 0.03125 0.0425531914893617
1 0.7041015625 0.40691489361702127 0.03125 0.0425531914893617
1 0.7333984375 0.4228723404255319 0.03125 0.0425531914893617
1 0.7490234375 0.40558510638297873 0.03125 0.0425531914893617
1 0.537109375 0.9468085106382979 0.03125 0.0425531914893617
1 0.58203125 0.9933510638297872 0.03125 0.0425531914893617
1 0.4873046875 0.9813829787234043 0.03125 0.0425531914893617
1 0.455078125 0.9813829787234043 0.03125 0.0425531914893617
1 0.41796875 0.9481382978723404 0.03125 0.0425531914893617
1 0.3251953125 0.9375 0.03125 0.0425531914893617
1 0.4111328125 0.7712765957446809 0.03125 0.0425531914893617
1 0.4072265625 0.75 0.03125 0.0425531914893617
1 0.3837890625 0.75 0.03125 0.0425531914893617
1 0.4794921875 0.7420212765957447 0.03125 0.0425531914893617
1 0.4990234375 0.7792553191489362 0.03125 0.0425531914893617
1 0.4775390625 0.7925531914893617 0.03125 0.0425531914893617
1 0.482421875 0.8191489361702128 0.03125 0.0425531914893617
1 0.501953125 0.8617021276595744 0.03125 0.0425531914893617
1 0.4931640625 0.6462765957446809 0.03125 0.0425531914893617
1 0.44140625 0.5319148936170213 0.03125 0.0425531914893617
1 0.3740234375 0.511968085106383 0.03125 0.0425531914893617
1 0.3994140625 0.6289893617021277 0.03125 0.0425531914893617
1 0.35546875 0.6595744680851063 0.03125 0.0425531914893617
1 0.3115234375 0.6117021276595744 0.03125 0.0425531914893617
1 0.2529296875 0.6103723404255319 0.03125 0.0425531914893617
1 0.3349609375 0.4228723404255319 0.03125 0.0425531914893617
1 0.328125 0.3723404255319149 0.03125 0.0425531914893617
1 0.376953125 0.37632978723404253 0.03125 0.0425531914893617
1 0.4677734375 0.4654255319148936 0.03125 0.0425531914893617
1 0.9365234375 0.29388297872340424 0.03125 0.0425531914893617
1 0.900390625 0.3071808510638298 0.03125 0.0425531914893617
1 0.9599609375 0.2526595744680851 0.03125 0.0425531914893617
1 0.93359375 0.39893617021276595 0.03125 0.0425531914893617
1 0.8583984375 0.44680851063829785 0.03125 0.0425531914893617
1 0.78515625 0.48271276595744683 0.03125 0.0425531914893617
1 0.685546875 0.523936170212766 0.03125 0.0425531914893617
1 0.677734375 0.5159574468085106 0.03125 0.0425531914893617
1 0.6669921875 0.5771276595744681 0.03125 0.0425531914893617
1 0.6875 0.5771276595744681 0.03125 0.0425531914893617
1 0.646484375 0.6236702127659575 0.03125 0.0425531914893617
1 0.6201171875 0.6303191489361702 0.03125 0.0425531914893617
1 0.5771484375 0.5625 0.03125 0.0425531914893617
1 0.681640625 0.6808510638297872 0.03125 0.0425531914893617
1 0.9208984375 0.6276595744680851 0.03125 0.0425531914893617
1 0.9873046875 0.699468085106383 0.03125 0.0425531914893617
1 0.8837890625 0.6901595744680851 0.03125 0.0425531914893617
1 0.650390625 0.7007978723404256 0.03125 0.0425531914893617
1 0.84375 0.9694148936170213 0.03125 0.0425531914893617
1 0.7998046875 0.9428191489361702 0.03125 0.0425531914893617
1 0.7666015625 0.8829787234042553 0.03125 0.0425531914893617
1 0.767578125 0.8962765957446809 0.03125 0.0425531914893617
1 0.8408203125 0.8071808510638298 0.03125 0.0425531914893617
1 0.9130859375 0.8843085106382979 0.03125 0.0425531914893617
1 0.94140625 0.7539893617021277 0.03125 0.0425531914893617
1 0.701171875 0.738031914893617 0.03125 0.0425531914893617
1 0.6865234375 0.7486702127659575 0.03125 0.0425531914893617
1 0.6181640625 0.7752659574468085 0.03125 0.0425531914893617
1 0.57421875 0.7353723404255319 0.03125 0.0425531914893617
1 0.60546875 0.7912234042553191 0.03125 0.0425531914893617
1 0.59765625 0.8444148936170213 0.03125 0.0425531914893617
1 0.6318359375 0.8962765957446809 0.03125 0.0425531914893617
1 0.6513671875 0.9228723404255319 0.03125 0.0425531914893617
1 0.421875 0.3550531914893617 0.03125 0.0425531914893617
1 0.970703125 0.511968085106383 0.03125 0.0425531914893617
1 0.5673828125 0.8563829787234043 0.03125 0.0425531914893617
1 0.4248046875 0.28856382978723405 0.03125 0.0425531914893617
1 0.08984375 0.9853723404255319 0.03125 0.0425531914893617
1 0.107421875 0.949468085106383 0.03125 0.0425531914893617
1 0.197265625 0.9654255319148937 0.03125 0.0425531914893617
1 0.2060546875 0.8523936170212766 0.03125 0.0425531914893617
1 0.267578125 0.8617021276595744 0.03125 0.0425531914893617
1 0.2236328125 0.7446808510638298 0.03125 0.0425531914893617
1 0.1328125 0.7340425531914894 0.03125 0.0425531914893617
1 0.140625 0.7420212765957447 0.03125 0.0425531914893617
1 0.11328125 0.851063829787234 0.03125 0.0425531914893617
1 0.080078125 0.7659574468085106 0.03125 0.0425531914893617
1 0.1357421875 0.5625 0.03125 0.0425531914893617
1 0.130859375 0.5199468085106383 0.03125 0.0425531914893617
1 0.181640625 0.5026595744680851 0.03125 0.0425531914893617
1 0.189453125 0.5757978723404256 0.03125 0.0425531914893617
1 0.021484375 0.4507978723404255 0.03125 0.0425531914893617
1 0.0048828125 0.4321808510638298 0.03125 0.0425531914893617
1 0.05859375 0.40691489361702127 0.03125 0.0425531914893617
1 0.1748046875 0.3949468085106383 0.03125 0.0425531914893617
1 0.1240234375 0.4162234042553192 0.03125 0.0425531914893617
1 0.1416015625 0.4574468085106383 0.03125 0.0425531914893617
1 0.25390625 0.324468085106383 0.03125 0.0425531914893617
1 0.0791015625 0.031914893617021274 0.03125 0.0425531914893617
1 0.150390625 0.03723404255319149 0.03125 0.0425531914893617
1 0.103515625 0.015957446808510637 0.03125 0.0425531914893617
1 0.0849609375 0.13031914893617022 0.03125 0.0425531914893617
1 0.109375 0.2553191489361702 0.03125 0.0425531914893617
1 0.12890625 0.26728723404255317 0.03125 0.0425531914893617
1 0.119140625 0.2912234042553192 0.03125 0.0425531914893617
1 0.2275390625 0.18218085106382978 0.03125 0.0425531914893617
1 0.2314453125 0.12367021276595745 0.03125 0.0425531914893617
1 0.28125 0.17819148936170212 0.03125 0.0425531914893617
1 0.2802734375 0.19148936170212766 0.03125 0.0425531914893617
1 0.3193359375 0.26595744680851063 0.03125 0.0425531914893617
1 0.3623046875 0.21409574468085107 0.03125 0.0425531914893617
1 0.361328125 0.15824468085106383 0.03125 0.0425531914893617
1 0.345703125 0.07845744680851063 0.03125 0.0425531914893617
1 0.623046875 0.8563829787234043 0.03125 0.0425531914893617
1 0.021484375 0.6821808510638298 0.03125 0.0425531914893617
1 0.0078125 0.6569148936170213 0.03125 0.0425531914893617
1 0.0556640625 0.5930851063829787 0.03125 0.0425531914893617
1 0.77734375 0.2553191489361702 0.03125 0.0425531914893617
1 0.068359375 0.8045212765957447 0.03125 0.0425531914893617
1 0.064453125 0.7952127659574468 0.03125 0.0425531914893617
1 0.0126953125 0.8444148936170213 0.03125 0.0425531914893617