0 0.751953125 0.7672872340425532 0.03125 0.0425531914893617
0 0.8251953125 0.7898936170212766 0.03125 0.0425531914893617
0 0.8564453125 0.7686170212765957 0.03125 0.0425531914893617
0 0.97265625 0.7832446808510638 0.03125 0.0425531914893617
0 0.328125 0.6675531914893617 0.03125 0.0425531914893617
0 0.33203125 0.6343085106382979 0.03125 0.0425531914893617
0 0.01171875 0.6835106382978723 0.03125 0.0425531914893617
0 0.2900390625 0.25132978723404253 0.03125 0.0425531914893617
0 0.392578125 0.1622340425531915 0.03125 0.0425531914893617
0 0.40234375 0.13430851063829788 0.03125 0.0425531914893617
0 0.455078125 0.3776595744680851 0.03125 0.0425531914893617
0 0.271484375 0.44680851063829785 0.03125 0.0425531914893617
0 0.681640625 0.007978723404255319 0.03125 0.0425531914893617
0 0.6650390625 0.7925531914893617 0.03125 0.0425531914893617
0 0.5791015625 0.800531914893617 0.03125 0.0425531914893617
0 0.3369140625 0.8590425531914894 0.03125 0.0425531914893617
0 0.619140625 0.32180851063829785 0.03125 0.0425531914893617
0 0.62109375 0.4122340425531915 0.03125 0.0425531914893617
0 0.71875 0.4853723404255319 0.03125 0.0425531914893617
0 0.67578125 0.48404255319148937 0.03125 0.0425531914893617
0 0.880859375 0.4853723404255319 0.03125 0.0425531914893617
0 0.98828125 0.3351063829787234 0.03125 0.0425531914893617
0 0.9306640625 0.23670212765957446 0.03125 0.0425531914893617
0 0.8681640625 0.0851063829787234 0.03125 0.0425531914893617
0 0.3017578125 0.8856382978723404 0.03125 0.0425531914893617
0 0.705078125 0.20212765957446807 0.03125 0.0425531914893617
0 0.765625 0.1077127659574468 0.03125 0.0425531914893617
0 0.6611328125 0.9906914893617021 0.03125 0.0425531914893617
0 0.5048828125 0.125 0.03125 0.0425531914893617
0 0.0126953125 0.714095744680851 0.03125 0.0425531914893617
0 0.150390625 0.08244680851063829 0.03125 0.0425531914893617
1 0.94140625 0.09441489361702128 0.03125 0.0425531914893617
1 0.8916015625 0.08377659574468085 0.03125 0.0425531914893617
1 0.8837890625 0.023936170212765957 0.03125 0.0425531914893617
1 0.9423828125 0.061170212765957445 0.03125 0.0425531914893617
1 0.951171875 0.03856382978723404 0.03125 0.0425531914893617
1 0.984375 0.2154255319148936 0.03125 0.0425531914893617
1 0.904296875 0.1502659574468085 0.03125 0.0425531914893617
1 0.91015625 0.09973404255319149 0.03125 0.0425531914893617
1 0.8857421875 0.16489361702127658 0.03125 0.0425531914893617
1 0.8828125 0.20611702127659576 0.03125 0.0425531914893617
1 0.9404296875 0.2712765957446808 0.03125 0.0425531914893617
1 0.8759765625 0.3470744680851064 0.03125 0.0425531914893617
1 0.837890625 0.29654255319148937 0.03125 0.0425531914893617
1 0.755859375 0.1449468085106383 0.03125 0.0425531914893617
1 0.7939453125 0.2074468085106383 0.03125 0.0425531914893617
1 0.7734375 0.16489361702127658 0.03125 0.0425531914893617
1 0.80859375 0.041223404255319146 0.03125 0.0425531914893617
1 0.7900390625 0.014627659574468085 0.03125 0.0425531914893617
1 0.876953125 0.09973404255319149 0.03125 0.0425531914893617
1 0.7080078125 0.09175531914893617 0.03125 0.0425531914893617
1 0.6865234375 0.21409574468085107 0.03125 0.0425531914893617
1 0.697265625 0.324468085106383 0.03125 0.0425531914893617
1 0.6484375 0.26595744680851063 0.03125 0.0425531914893617
1 0.6357421875 0.2712765957446808 0.03125 0.0425531914893617
1 0.6455078125 0.21409574468085107 0.03125 0.0425531914893617
1 0.591796875 0.30319148936170215 0.03125 0.0425531914893617
1 0.580078125 0.21941489361702127 0.03125 0.0425531914893617
1 0.59765625 0.17420212765957446 0.03125 0.0425531914893617
1 0.6259765625 0.15558510638297873 0.03125 0.0425531914893617
1 0.6396484375 0.003989361702127659 0.03125 0.0425531914893617
1 0.5458984375 0.007978723404255319 0.03125 0.0425531914893617
1 0.4833984375 0.03723404255319149 0.03125 0.0425531914893617
1 0.404296875 0.03590425531914894 0.03125 0.0425531914893617
1 0.3857421875 0.06648936170212766 0.03125 0.0425531914893617
1 0.345703125 0.20345744680851063 0.03125 0.0425531914893617
1 0.3720703125 0.2925531914893617 0.03125 0.0425531914893617
1 0.4150390625 0.2845744680851064 0.03125 0.0425531914893617
1 0.0048828125 0.06648936170212766 0.03125 0.0425531914893617
1 0.4091796875 0.23404255319148937 0.03125 0.0425531914893617
1 0.04296875 0.9893617021276596 0.03125 0.0425531914893617
1 0.06640625 0.8949468085106383 0.03125 0.0425531914893617
1 0.0390625 0.8962765957446809 0.03125 0.0425531914893617
1 0.919921875 0.6582446808510638 0.03125 0.0425531914893617
1 0.921875 0.7101063829787234 0.03125 0.0425531914893617
1 0.6806640625 0.9946808510638298 0.03125 0.0425531914893617
1 0.611328125 0.9175531914893617 0.03125 0.0425531914893617
1 0.552734375 0.9202127659574468 0.03125 0.0425531914893617
1 0.5126953125 0.8670212765957447 0.03125 0.0425531914893617
1 0.5595703125 0.8284574468085106 0.03125 0.0425531914893617
1 0.6201171875 0.7845744680851063 0.03125 0.0425531914893617
1 0.6552734375 0.8031914893617021 0.03125 0.0425531914893617
1 0.6435546875 0.8058510638297872 0.03125 0.0425531914893617
1 0.6748046875 0.7752659574468085 0.03125 0.0425531914893617
1 0.4833984375 0.6582446808510638 0.03125 0.0425531914893617
1 0.4560546875 0.6914893617021277 0.03125 0.0425531914893617
1 0.4794921875 0.7473404255319149 0.03125 0.0425531914893617
1 0.474609375 0.8936170212765957 0.03125 0.0425531914893617
1 0.4453125 0.8856382978723404 0.03125 0.0425531914893617
1 0.421875 0.7805851063829787 0.03125 0.0425531914893617
1 0.47265625 0.9680851063829787 0.03125 0.0425531914893617
1 0.40625 0.9813829787234043 0.03125 0.0425531914893617
1 0.3251953125 0.9002659574468085 0.03125 0.0425531914893617
1 0.3994140625 0.6715425531914894 0.03125 0.0425531914893617
1 0.396484375 0.6476063829787234 0.03125 0.0425531914893617
1 0.4306640625 0.6223404255319149 0.03125 0.0425531914893617
1 0.05078125 0.8550531914893617 0.03125 0.0425531914893617
1 0.02734375 0.8563829787234043 0.03125 0.0425531914893617
1 0.0126953125 0.839095744680851 0.03125 0.0425531914893617
1 0.2021484375 0.8656914893617021 0.03125 0.0425531914893617
1 0.203125 0.9827127659574468 0.03125 0.0425531914893617
1 0.2216796875 0.7460106382978723 0.03125 0.0425531914893617
1 0.2529296875 0.7313829787234043 0.03125 0.0425531914893617
1 0.2119140625 0.75 0.03125 0.0425531914893617
1 0.107421875 0.6702127659574468 0.03125 0.0425531914893617
1 0.9521484375 0.8218085106382979 0.03125 0.0425531914893617
1 0.8935546875 0.8271276595744681 0.03125 0.0425531914893617
1 0.9482421875 0.7712765957446809 0.03125 0.0425531914893617
1 0.8056640625 0.848404255319149 0.03125 0.0425531914893617
1 0.7255859375 0.839095744680851 0.03125 0.0425531914893617
1 0.740234375 0.9853723404255319 0.03125 0.0425531914893617
1 0.759765625 0.9601063829787234 0.03125 0.0425531914893617
1 0.78125 0.9587765957446809 0.03125 0.0425531914893617
1 0.427734375 0.5731382978723404 0.03125 0.0425531914893617
1 0.3779296875 0.4973404255319149 0.03125 0.0425531914893617
1 0.484375 0.5412234042553191 0.03125 0.0425531914893617
1 0.3583984375 0.5877659574468085 0.03125 0.0425531914893617
1 0.2724609375 0.523936170212766 0.03125 0.0425531914893617
1 0.271484375 0.7672872340425532 0.03125 0.0425531914893617
1 0.263671875 0.8125 0.03125 0.0425531914893617
1 0.2666015625 0.8271276595744681 0.03125 0.0425531914893617
1 0.2568359375 0.8656914893617021 0.03125 0.0425531914893617
1 0.9853515625 0.7273936170212766 0.03125 0.0425531914893617
1 0.83203125 0.5518617021276596 0.03125 0.0425531914893617
1 0.8193359375 0.5651595744680851 0.03125 0.0425531914893617
1 0.802734375 0.5585106382978723 0.03125 0.0425531914893617
1 0.8203125 0.6848404255319149 0.03125 0.0425531914893617
1 0.73046875 0.663563829787234 0.03125 0.0425531914893617
1 0.69140625 0.6329787234042553 0.03125 0.0425531914893617
1 0.6494140625 0.5824468085106383 0.03125 0.0425531914893617
1 0.591796875 0.5851063829787234 0.03125 0.0425531914893617
1 0.5546875 0.5811170212765957 0.03125 0.0425531914893617
1 0.6015625 0.6343085106382979 0.03125 0.0425531914893617
1 0.6875 0.7273936170212766 0.03125 0.0425531914893617
1 0.7138671875 0.7420212765957447 0.03125 0.0425531914893617
1 0.076171875 0.6343085106382979 0.03125 0.0425531914893617
1 0.068359375 0.625 0.03125 0.0425531914893617
1 0.0771484375 0.5784574468085106 0.03125 0.0425531914893617
1 0.1005859375 0.5398936170212766 0.03125 0.0425531914893617
1 0.0263671875 0.5159574468085106 0.03125 0.0425531914893617
1 0.0419921875 0.5026595744680851 0.03125 0.0425531914893617
1 0.2080078125 0.5837765957446809 0.03125 0.0425531914893617
1 0.197265625 0.49601063829787234 0.03125 0.0425531914893617
1 0.17578125 0.42154255319148937 0.03125 0.0425531914893617
1 0.0302734375 0.38563829787234044 0.03125 0.0425531914893617
1 0.037109375 0.3670212765957447 0.03125 0.0425531914893617
1 0.103515625 0.3537234042553192 0.03125 0.0425531914893617
1 0.0927734375 0.3204787234042553 0.03125 0.0425531914893617
1 0.1259765625 0.3617021276595745 0.03125 0.0425531914893617
1 0.0146484375 0.09973404255319149 0.03125 0.0425531914893617
1 0.0703125 0.08377659574468085 0.03125 0.0425531914893617
1 0.0908203125 0.0851063829787234 0.03125 0.0425531914893617
1 0.0771484375 0.13031914893617022 0.03125 0.0425531914893617
1 0.0263671875 0.21409574468085107 0.03125 0.0425531914893617
1 0.1611328125 0.22872340425531915 0.03125 0.0425531914893617
1 0.16796875 0.26728723404255317 0.03125 0.0425531914893617
1 0.1923828125 0.2393617021276596 0.03125 0.0425531914893617
1 0.2490234375 0.13696808510638298 0.03125 0.0425531914893617
1 0.19140625 0.03324468085106383 0.03125 0.0425531914893617
1 0.1376953125 0.08377659574468085 0.03125 0.0425531914893617
1 0.455078125 0.3071808510638298 0.03125 0.0425531914893617
1 0.421875 0.3178191489361702 0.03125 0.0425531914893617
1 0.7626953125 0.39361702127659576 0.03125 0.0425531914893617
1 0.744140625 0.3829787234042553 0.03125 0.0425531914893617
1 0.736328125 0.4002659574468085 0.03125 0.0425531914893617
1 0.806640625 0.40824468085106386 0.03125 0.0425531914893617
1 0.7451171875 0.4640957446808511 0.03125 0.0425531914893617
1 0.7607421875 0.4920212765957447 0.03125 0.0425531914893617
1 0.80078125 0.5159574468085106 0.03125 0.0425531914893617
1 0.853515625 0.4734042553191489 0.03125 0.0425531914893617
1 0.8427734375 0.44813829787234044 0.03125 0.0425531914893617
1 0.85546875 0.4122340425531915 0.03125 0.0425531914893617
1 0.904296875 0.41356382978723405 0.03125 0.0425531914893617
1 0.921875 0.4375 0.03125 0.0425531914893617
1 0.9384765625 0.46143617021276595 0.03125 0.0425531914893617
1 0.9853515625 0.4654255319148936 0.03125 0.0425531914893617
1 0.900390625 0.4946808510638298 0.03125 0.0425531914893617
1 0.990234375 0.5452127659574468 0.03125 0.0425531914893617
1 0.2392578125 0.02526595744680851 0.03125 0.0425531914893617
1 0.47265625 0.2765957446808511 0.03125 0.0425531914893617
1 0.408203125 0.3670212765957447 0.03125 0.0425531914893617
1 0.3974609375 0.4095744680851064 0.03125 0.0425531914893617
1 0.4443359375 0.41888297872340424 0.03125 0.0425531914893617
1 0.455078125 0.4747340425531915 0.03125 0.0425531914893617
1 0.517578125 0.4521276595744681 0.03125 0.0425531914893617
1 0.5419921875 0.3617021276595745 0.03125 0.0425531914893617
1 0.53515625 0.35106382978723405 0.03125 0.0425531914893617
1 0.5419921875 0.3324468085106383 0.03125 0.0425531914893617
1 0.5556640625 0.3390957446808511 0.03125 0.0425531914893617
1 0.5732421875 0.39228723404255317 0.03125 0.0425531914893617
1 0.5458984375 0.2553191489361702 0.03125 0.0425531914893617
1 0.5341796875 0.2872340425531915 0.03125 0.0425531914893617
1 0.544921875 0.20079787234042554 0.03125 0.0425531914893617
1 0.294921875 0.005319148936170213 0.03125 0.0425531914893617
1 0.2548828125 0.010638297872340425 0.03125 0.0425531914893617
1 0.2626953125 0.24867021276595744 0.03125 0.0425531914893617
1 0.2880859375 0.4401595744680851 0.03125 0.0425531914893617
1 0.2685546875 0.43882978723404253 0.03125 0.0425531914893617
1 0.697265625 0.47606382978723405 0.03125 0.0425531914893617
1 0.716796875 0.45478723404255317 0.03125 0.0425531914893617
1 0.603515625 0.0398936170212766 0.03125 0.0425531914893617
1 0.5986328125 0.027925531914893616 0.03125 0.0425531914893617
1 0.53515625 0.04920212765957447 0.03125 0.0425531914893617