0 0.6650390625 0.5053191489361702 0.03125 0.0425531914893617
0 0.6728515625 0.4321808510638298 0.03125 0.0425531914893617
0 0.564453125 0.2127659574468085 0.03125 0.0425531914893617
0 0.5126953125 0.6276595744680851 0.03125 0.0425531914893617
0 0.38671875 0.38430851063829785 0.03125 0.0425531914893617
0 0.494140625 0.17287234042553193 0.03125 0.0425531914893617
0 0.8369140625 0.32180851063829785 0.03125 0.0425531914893617
0 0.859375 0.22074468085106383 0.03125 0.0425531914893617
0 0.7119140625 0.21808510638297873 0.03125 0.0425531914893617
0 0.78515625 0.3949468085106383 0.03125 0.0425531914893617
0 0.59375 0.35106382978723405 0.03125 0.0425531914893617
0 0.515625 0.37367021276595747 0.03125 0.0425531914893617
0 0.263671875 0.3670212765957447 0.03125 0.0425531914893617
0 0.326171875 0.22606382978723405 0.03125 0.0425531914893617
0 0.302734375 0.19414893617021275 0.03125 0.0425531914893617
0 0.2626953125 0.18617021276595744 0.03125 0.0425531914893617
0 0.15234375 0.1981382978723404 0.03125 0.0425531914893617
0 0.029296875 0.13962765957446807 0.03125 0.0425531914893617
0 0.0517578125 0.10106382978723404 0.03125 0.0425531914893617
0 0.130859375 0.09840425531914894 0.03125 0.0425531914893617
0 0.4072265625 0.538563829787234 0.03125 0.0425531914893617
0 0.837890625 0.1981382978723404 0.03125 0.0425531914893617
0 0.53515625 0.4853723404255319 0.03125 0.0425531914893617
0 0.77734375 0.6143617021276596 0.03125 0.0425531914893617
0 0.52734375 0.6063829787234043 0.03125 0.0425531914893617
0 0.525390625 0.6343085106382979 0.03125 0.0425531914893617
0 0.54296875 0.7672872340425532 0.03125 0.0425531914893617
0 0.7197265625 0.8138297872340425 0.03125 0.0425531914893617
0 0.8369140625 0.9335106382978723 0.03125 0.0425531914893617
0 0.361328125 0.8590425531914894 0.03125 0.0425531914893617
0 0.10546875 0.6675531914893617 0.03125 0.0425531914893617
0 0.0517578125 0.5478723404255319 0.03125 0.0425531914893617
0 0.01953125 0.43882978723404253 0.03125 0.0425531914893617
1 0.845703125 0.14893617021276595 0.03125 0.0425531914893617
1 0.0556640625 0.19680851063829788 0.03125 0.0425531914893617
1 0.033203125 0.23404255319148937 0.03125 0.0425531914893617
1 0.1494140625 0.9228723404255319 0.03125 0.0425531914893617
1 0.1259765625 0.964095744680851 0.03125 0.0425531914893617
1 0.087890625 0.9694148936170213 0.03125 0.0425531914893617
1 0.62109375 0.7207446808510638 0.03125 0.0425531914893617
1 0.7421875 0.6861702127659575 0.03125 0.0425531914893617
1 0.873046875 0.7992021276595744 0.03125 0.0425531914893617
1 0.916015625 0.6768617021276596 0.03125 0.0425531914893617
1 0.9267578125 0.6449468085106383 0.03125 0.0425531914893617
1 0.9345703125 0.6170212765957447 0.03125 0.0425531914893617
1 0.6259765625 0.5452127659574468 0.03125 0.0425531914893617
1 0.615234375 0.6223404255319149 0.03125 0.0425531914893617
1 0.57421875 0.2992021276595745 0.03125 0.0425531914893617
1 0.53125 0.1077127659574468 0.03125 0.0425531914893617
1 0.8994140625 0.4375 0.03125 0.0425531914893617
1 0.8984375 0.3191489361702128 0.03125 0.0425531914893617
1 0.830078125 0.03856382978723404 0.03125 0.0425531914893617
1 0.9541015625 0.061170212765957445 0.03125 0.0425531914893617
1 0.998046875 0.1502659574468085 0.03125 0.0425531914893617
1 0.986328125 0.16090425531914893 0.03125 0.0425531914893617
1 0.99609375 0.1768617021276596 0.03125 0.0425531914893617
1 0.99609375 0.13031914893617022 0.03125 0.0425531914893617
1 0.99609375 0.05452127659574468 0.03125 0.0425531914893617
1 0.75 0.1023936170212766 0.03125 0.0425531914893617
1 0.72265625 0.1356382978723404 0.03125 0.0425531914893617
1 0.630859375 0.027925531914893616 0.03125 0.0425531914893617
1 0.595703125 0.023936170212765957 0.03125 0.0425531914893617
1 0.513671875 0.018617021276595744 0.03125 0.0425531914893617
1 0.4921875 0.017287234042553192 0.03125 0.0425531914893617
1 0.6875 0.22606382978723405 0.03125 0.0425531914893617
1 0.7578125 0.22074468085106383 0.03125 0.0425531914893617
1 0.82421875 0.26861702127659576 0.03125 0.0425531914893617
1 0.8447265625 0.3484042553191489 0.03125 0.0425531914893617
1 0.9765625 0.3351063829787234 0.03125 0.0425531914893617
1 0.96875 0.37898936170212766 0.03125 0.0425531914893617
1 0.9736328125 0.43617021276595747 0.03125 0.0425531914893617
1 0.828125 0.4787234042553192 0.03125 0.0425531914893617
1 0.763671875 0.4162234042553192 0.03125 0.0425531914893617
1 0.712890625 0.3896276595744681 0.03125 0.0425531914893617
1 0.6923828125 0.2992021276595745 0.03125 0.0425531914893617
1 0.6796875 0.3404255319148936 0.03125 0.0425531914893617
1 0.576171875 0.3377659574468085 0.03125 0.0425531914893617
1 0.5751953125 0.39893617021276595 0.03125 0.0425531914893617
1 0.54296875 0.5132978723404256 0.03125 0.0425531914893617
1 0.466796875 0.6542553191489362 0.03125 0.0425531914893617
1 0.462890625 0.6236702127659575 0.03125 0.0425531914893617
1 0.423828125 0.5531914893617021 0.03125 0.0425531914893617
1 0.455078125 0.5279255319148937 0.03125 0.0425531914893617
1 0.365234375 0.6023936170212766 0.03125 0.0425531914893617
1 0.359375 0.5757978723404256 0.03125 0.0425531914893617
1 0.375 0.6449468085106383 0.03125 0.0425531914893617
1 0.43359375 0.8045212765957447 0.03125 0.0425531914893617
1 0.46484375 0.7606382978723404 0.03125 0.0425531914893617
1 0.4619140625 0.8470744680851063 0.03125 0.0425531914893617
1 0.4736328125 0.8843085106382979 0.03125 0.0425531914893617
1 0.4853515625 0.9800531914893617 0.03125 0.0425531914893617
1 0.412109375 0.9787234042553191 0.03125 0.0425531914893617
1 0.3525390625 0.964095744680851 0.03125 0.0425531914893617
1 0.3125 0.976063829787234 0.03125 0.0425531914893617
1 0.267578125 0.9853723404255319 0.03125 0.0425531914893617
1 0.2861328125 0.8297872340425532 0.03125 0.0425531914893617
1 0.373046875 0.863031914893617 0.03125 0.0425531914893617
1 0.220703125 0.7686170212765957 0.03125 0.0425531914893617
1 0.166015625 0.7898936170212766 0.03125 0.0425531914893617
1 0.0595703125 0.8829787234042553 0.03125 0.0425531914893617
1 0.02734375 0.800531914893617 0.03125 0.0425531914893617
1 0.025390625 0.776595744680851 0.03125 0.0425531914893617
1 0.0595703125 0.6662234042553191 0.03125 0.0425531914893617
1 0.013671875 0.5585106382978723 0.03125 0.0425531914893617
1 0.130859375 0.6236702127659575 0.03125 0.0425531914893617
1 0.1689453125 0.4973404255319149 0.03125 0.0425531914893617
1 0.357421875 0.4601063829787234 0.03125 0.0425531914893617
1 0.4296875 0.46808510638297873 0.03125 0.0425531914893617
1 0.4501953125 0.3896276595744681 0.03125 0.0425531914893617
1 0.4375 0.33643617021276595 0.03125 0.0425531914893617
1 0.37109375 0.2566489361702128 0.03125 0.0425531914893617
1 0.3408203125 0.28324468085106386 0.03125 0.0425531914893617
1 0.2822265625 0.26861702127659576 0.03125 0.0425531914893617
1 0.2548828125 0.3617021276595745 0.03125 0.0425531914893617
1 0.1806640625 0.38430851063829785 0.03125 0.0425531914893617
1 0.23046875 0.17553191489361702 0.03125 0.0425531914893617
1 0.1572265625 0.24601063829787234 0.03125 0.0425531914893617
1 0.3359375 0.21010638297872342 0.03125 0.0425531914893617
1 0.40234375 0.21941489361702127 0.03125 0.0425531914893617
1 0.1455078125 0.10638297872340426 0.03125 0.0425531914893617
1 0.0439453125 0.11303191489361702 0.03125 0.0425531914893617
1 0.68359375 0.6409574468085106 0.03125 0.0425531914893617
1 0.83984375 0.5811170212765957 0.03125 0.0425531914893617
1 0.86328125 0.5492021276595744 0.03125 0.0425531914893617
1 0.8994140625 0.5957446808510638 0.03125 0.0425531914893617
1 0.943359375 0.6875 0.03125 0.0425531914893617
1 0.99609375 0.7393617021276596 0.03125 0.0425531914893617
1 0.9931640625 0.8882978723404256 0.03125 0.0425531914893617
1 0.912109375 0.8457446808510638 0.03125 0.0425531914893617
1 0.91015625 0.8829787234042553 0.03125 0.0425531914893617
1 0.978515625 0.7606382978723404 0.03125 0.0425531914893617
1 0.9111328125 0.9468085106382979 0.03125 0.0425531914893617
1 0.841796875 0.9335106382978723 0.03125 0.0425531914893617
1 0.8173828125 0.9268617021276596 0.03125 0.0425531914893617
1 0.7275390625 0.9162234042553191 0.03125 0.0425531914893617
1 0.724609375 0.9694148936170213 0.03125 0.0425531914893617
1 0.75 0.9055851063829787 0.03125 0.0425531914893617
1 0.73828125 0.8351063829787234 0.03125 0.0425531914893617
1 0.697265625 0.8856382978723404 0.03125 0.0425531914893617
1 0.6611328125 0.8909574468085106 0.03125 0.0425531914893617
1 0.619140625 0.910904255319149 0.03125 0.0425531914893617
1 0.57421875 0.910904255319149 0.03125 0.0425531914893617
1 0.55078125 0.949468085106383 0.03125 0.0425531914893617
1 0.5322265625 0.9308510638297872 0.03125 0.0425531914893617
1 0.5166015625 0.9268617021276596 0.03125 0.0425531914893617
1 0.52734375 0.8670212765957447 0.03125 0.0425531914893617
1 0.787109375 0.6728723404255319 0.03125 0.0425531914893617
1 0.564453125 0.5478723404255319 0.03125 0.0425531914893617