0 0.865234375 0.04920212765957447 0.03125 0.0425531914893617
0 0.572265625 0.09175531914893617 0.03125 0.0425531914893617
0 0.5771484375 0.07180851063829788 0.03125 0.0425531914893617
0 0.529296875 0.04521276595744681 0.03125 0.0425531914893617
0 0.591796875 0.043882978723404256 0.03125 0.0425531914893617
0 0.421875 0.6502659574468085 0.03125 0.0425531914893617
0 0.505859375 0.4973404255319149 0.03125 0.0425531914893617
0 0.9541015625 0.851063829787234 0.03125 0.0425531914893617
0 0.7529296875 0.9773936170212766 0.03125 0.0425531914893617
0 0.6435546875 0.9601063829787234 0.03125 0.0425531914893617
0 0.8984375 0.7247340425531915 0.03125 0.0425531914893617
0 0.0478515625 0.8922872340425532 0.03125 0.0425531914893617
0 0.1025390625 0.4920212765957447 0.03125 0.0425531914893617
0 0.6435546875 0.42154255319148937 0.03125 0.0425531914893617
0 0.640625 0.4401595744680851 0.03125 0.0425531914893617
0 0.693359375 0.5172872340425532 0.03125 0.0425531914893617
0 0.744140625 0.6555851063829787 0.03125 0.0425531914893617
0 0.7880859375 0.28058510638297873 0.03125 0.0425531914893617
0 0.8125 0.28856382978723405 0.03125 0.0425531914893617
0 0.775390625 0.26728723404255317 0.03125 0.0425531914893617
0 0.9931640625 0.6050531914893617 0.03125 0.0425531914893617
0 0.3056640625 0.14760638297872342 0.03125 0.0425531914893617
0 0.484375 0.3151595744680851 0.03125 0.0425531914893617
0 0.09765625 0.0199468085106383 0.03125 0.0425531914893617
0 0.439453125 0.7406914893617021 0.03125 0.0425531914893617
0 0.3994140625 0.9507978723404256 0.03125 0.0425531914893617
0 0.1806640625 0.7486702127659575 0.03125 0.0425531914893617
0 0.1162109375 0.8271276595744681 0.03125 0.0425531914893617
0 0.1826171875 0.6742021276595744 0.03125 0.0425531914893617
0 0.203125 0.4601063829787234 0.03125 0.0425531914893617
0 0.0400390625 0.5199468085106383 0.03125 0.0425531914893617
1 0.1181640625 0.04521276595744681 0.03125 0.0425531914893617
1 0.052734375 0.07579787234042554 0.03125 0.0425531914893617
1 0.2080078125 0.018617021276595744 0.03125 0.0425531914893617
1 0.138671875 0.17819148936170212 0.03125 0.0425531914893617
1 0.14453125 0.23803191489361702 0.03125 0.0425531914893617
1 0.0859375 0.2992021276595745 0.03125 0.0425531914893617
1 0.021484375 0.24601063829787234 0.03125 0.0425531914893617
1 0.0302734375 0.3351063829787234 0.03125 0.0425531914893617
1 0.0126953125 0.43617021276595747 0.03125 0.0425531914893617
1 0.0361328125 0.45478723404255317 0.03125 0.0425531914893617
1 0.109375 0.39893617021276595 0.03125 0.0425531914893617
1 0.1474609375 0.40558510638297873 0.03125 0.0425531914893617
1 0.1591796875 0.3776595744680851 0.03125 0.0425531914893617
1 0.16796875 0.3151595744680851 0.03125 0.0425531914893617
1 0.17578125 0.21941489361702127 0.03125 0.0425531914893617
1 0.21875 0.24335106382978725 0.03125 0.0425531914893617
1 0.2255859375 0.2978723404255319 0.03125 0.0425531914893617
1 0.365234375 0.28856382978723405 0.03125 0.0425531914893617
1 0.3623046875 0.2632978723404255 0.03125 0.0425531914893617
1 0.3447265625 0.2646276595744681 0.03125 0.0425531914893617
1 0.3740234375 0.34175531914893614 0.03125 0.0425531914893617
1 0.490234375 0.34308510638297873 0.03125 0.0425531914893617
1 0.3662109375 0.37632978723404253 0.03125 0.0425531914893617
1 0.392578125 0.4295212765957447 0.03125 0.0425531914893617
1 0.3583984375 0.43617021276595747 0.03125 0.0425531914893617
1 0.337890625 0.42154255319148937 0.03125 0.0425531914893617
1 0.3232421875 0.4800531914893617 0.03125 0.0425531914893617
1 0.294921875 0.449468085106383 0.03125 0.0425531914893617
1 0.2744140625 0.42686170212765956 0.03125 0.0425531914893617
1 0.287109375 0.38430851063829785 0.03125 0.0425531914893617
1 0.17578125 0.48404255319148937 0.03125 0.0425531914893617
1 0.16015625 0.47606382978723405 0.03125 0.0425531914893617
1 0.080078125 0.839095744680851 0.03125 0.0425531914893617
1 0.0703125 0.8178191489361702 0.03125 0.0425531914893617
1 0.0126953125 0.7526595744680851 0.03125 0.0425531914893617
1 0.0078125 0.7207446808510638 0.03125 0.0425531914893617
1 0.0263671875 0.6941489361702128 0.03125 0.0425531914893617
1 0.16015625 0.7194148936170213 0.03125 0.0425531914893617
1 0.91796875 0.9840425531914894 0.03125 0.0425531914893617
1 0.9794921875 0.9521276595744681 0.03125 0.0425531914893617
1 0.923828125 0.8457446808510638 0.03125 0.0425531914893617
1 0.8583984375 0.9215425531914894 0.03125 0.0425531914893617
1 0.8515625 0.9361702127659575 0.03125 0.0425531914893617
1 0.5537109375 0.5678191489361702 0.03125 0.0425531914893617
1 0.7822265625 0.5731382978723404 0.03125 0.0425531914893617
1 0.845703125 0.6356382978723404 0.03125 0.0425531914893617
1 0.8701171875 0.6196808510638298 0.03125 0.0425531914893617
1 0.962890625 0.7021276595744681 0.03125 0.0425531914893617
1 0.9775390625 0.6223404255319149 0.03125 0.0425531914893617
1 0.9267578125 0.5186170212765957 0.03125 0.0425531914893617
1 0.837890625 0.20079787234042554 0.03125 0.0425531914893617
1 0.7802734375 0.19547872340425532 0.03125 0.0425531914893617
1 0.7802734375 0.13962765957446807 0.03125 0.0425531914893617
1 0.763671875 0.11037234042553191 0.03125 0.0425531914893617
1 0.755859375 0.022606382978723406 0.03125 0.0425531914893617
1 0.8173828125 0.0851063829787234 0.03125 0.0425531914893617
1 0.8466796875 0.07047872340425532 0.03125 0.0425531914893617
1 0.90234375 0.011968085106382979 0.03125 0.0425531914893617
1 0.9873046875 0.07712765957446809 0.03125 0.0425531914893617
1 0.9716796875 0.18351063829787234 0.03125 0.0425531914893617
1 0.8212890625 0.3470744680851064 0.03125 0.0425531914893617
1 0.921875 0.4627659574468085 0.03125 0.0425531914893617
1 0.865234375 0.363031914893617 0.03125 0.0425531914893617
1 0.96875 0.40691489361702127 0.03125 0.0425531914893617
1 0.470703125 0.6329787234042553 0.03125 0.0425531914893617
1 0.3994140625 0.6289893617021277 0.03125 0.0425531914893617
1 0.470703125 0.4640957446808511 0.03125 0.0425531914893617
1 0.33984375 0.1356382978723404 0.03125 0.0425531914893617
1 0.119140625 0.42819148936170215 0.03125 0.0425531914893617
1 0.044921875 0.9800531914893617 0.03125 0.0425531914893617
1 0.1953125 0.973404255319149 0.03125 0.0425531914893617
1 0.1640625 0.9707446808510638 0.03125 0.0425531914893617
1 0.73828125 0.9361702127659575 0.03125 0.0425531914893617
1 0.693359375 0.8683510638297872 0.03125 0.0425531914893617
1 0.7861328125 0.961436170212766 0.03125 0.0425531914893617
1 0.4130859375 0.5053191489361702 0.03125 0.0425531914893617
1 0.7607421875 0.31382978723404253 0.03125 0.0425531914893617
1 0.69140625 0.2646276595744681 0.03125 0.0425531914893617
1 0.763671875 0.28324468085106386 0.03125 0.0425531914893617
1 0.84765625 0.2992021276595745 0.03125 0.0425531914893617
1 0.845703125 0.33111702127659576 0.03125 0.0425531914893617
1 0.927734375 0.3337765957446808 0.03125 0.0425531914893617
1 0.9697265625 0.324468085106383 0.03125 0.0425531914893617
1 0.9541015625 0.27925531914893614 0.03125 0.0425531914893617
1 0.9541015625 0.16090425531914893 0.03125 0.0425531914893617
1 0.9267578125 0.16356382978723405 0.03125 0.0425531914893617
1 0.90625 0.1422872340425532 0.03125 0.0425531914893617
1 0.876953125 0.15691489361702127 0.03125 0.0425531914893617
1 0.939453125 0.1356382978723404 0.03125 0.0425531914893617
1 0.4921875 0.4654255319148936 0.03125 0.0425531914893617
1 0.5341796875 0.43617021276595747 0.03125 0.0425531914893617
1 0.51953125 0.3537234042553192 0.03125 0.0425531914893617
1 0.615234375 0.41888297872340424 0.03125 0.0425531914893617
1 0.6220703125 0.3324468085106383 0.03125 0.0425531914893617
1 0.6552734375 0.3523936170212766 0.03125 0.0425531914893617
1 0.5576171875 0.19680851063829788 0.03125 0.0425531914893617
1 0.54296875 0.19281914893617022 0.03125 0.0425531914893617
1 0.58984375 0.0851063829787234 0.03125 0.0425531914893617
1 0.685546875 0.02925531914893617 0.03125 0.0425531914893617
1 0.72265625 0.047872340425531915 0.03125 0.0425531914893617
1 0.6806640625 0.21010638297872342 0.03125 0.0425531914893617
1 0.7080078125 0.2220744680851064 0.03125 0.0425531914893617
1 0.3642578125 0.6356382978723404 0.03125 0.0425531914893617
1 0.3037109375 0.6090425531914894 0.03125 0.0425531914893617
1 0.2392578125 0.5904255319148937 0.03125 0.0425531914893617
1 0.2216796875 0.6449468085106383 0.03125 0.0425531914893617
1 0.158203125 0.6170212765957447 0.03125 0.0425531914893617
1 0.0751953125 0.4734042553191489 0.03125 0.0425531914893617
1 0.013671875 0.5545212765957447 0.03125 0.0425531914893617
1 0.7353515625 0.5904255319148937 0.03125 0.0425531914893617
1 0.689453125 0.5452127659574468 0.03125 0.0425531914893617
1 0.3837890625 0.07313829787234043 0.03125 0.0425531914893617
1 0.4599609375 0.09441489361702128 0.03125 0.0425531914893617
1 0.4931640625 0.2127659574468085 0.03125 0.0425531914893617
1 0.5029296875 0.24069148936170212 0.03125 0.0425531914893617
1 0.3056640625 0.2553191489361702 0.03125 0.0425531914893617
1 0.1455078125 0.8018617021276596 0.03125 0.0425531914893617
1 0.1396484375 0.726063829787234 0.03125 0.0425531914893617
1 0.2802734375 0.7659574468085106 0.03125 0.0425531914893617
1 0.30078125 0.7726063829787234 0.03125 0.0425531914893617
1 0.3681640625 0.7726063829787234 0.03125 0.0425531914893617
1 0.3974609375 0.7832446808510638 0.03125 0.0425531914893617
1 0.42578125 0.7699468085106383 0.03125 0.0425531914893617
1 0.4208984375 0.788563829787234 0.03125 0.0425531914893617
1 0.458984375 0.875 0.03125 0.0425531914893617
1 0.4716796875 0.9375 0.03125 0.0425531914893617
1 0.498046875 0.9920212765957447 0.03125 0.0425531914893617
1 0.4306640625 0.9920212765957447 0.03125 0.0425531914893617
1 0.40234375 0.8829787234042553 0.03125 0.0425531914893617
1 0.3447265625 0.9215425531914894 0.03125 0.0425531914893617
1 0.3173828125 0.9202127659574468 0.03125 0.0425531914893617
1 0.3505859375 0.8617021276595744 0.03125 0.0425531914893617
1 0.3427734375 0.8351063829787234 0.03125 0.0425531914893617
1 0.3251953125 0.8111702127659575 0.03125 0.0425531914893617
1 0.283203125 0.8164893617021277 0.03125 0.0425531914893617
1 0.5283203125 0.9813829787234043 0.03125 0.0425531914893617
1 0.62109375 0.9867021276595744 0.03125 0.0425531914893617
1 0.6328125 0.8763297872340425 0.03125 0.0425531914893617
1 0.591796875 0.8098404255319149 0.03125 0.0425531914893617
1 0.57421875 0.8603723404255319 0.03125 0.0425531914893617
1 0.5732421875 0.8843085106382979 0.03125 0.0425531914893617
1 0.5615234375 0.8816489361702128 0.03125 0.0425531914893617
1 0.5166015625 0.7659574468085106 0.03125 0.0425531914893617
1 0.732421875 0.7686170212765957 0.03125 0.0425531914893617
1 0.732421875 0.7047872340425532 0.03125 0.0425531914893617
1 0.759765625 0.7287234042553191 0.03125 0.0425531914893617
1 0.6962890625 0.42819148936170215 0.03125 0.0425531914893617
1 0.677734375 0.44813829787234044 0.03125 0.0425531914893617
1 0.662109375 0.43617021276595747 0.03125 0.0425531914893617
1 0.69140625 0.4720744680851064 0.03125 0.0425531914893617
1 0.7412109375 0.4321808510638298 0.03125 0.0425531914893617
1 0.58203125 0.5757978723404256 0.03125 0.0425531914893617
1 0.2158203125 0.9281914893617021 0.03125 0.0425531914893617
1 0.1357421875 0.9574468085106383 0.03125 0.0425531914893617