0 0.578125 0.1077127659574468 0.03125 0.0425531914893617
0 0.642578125 0.011968085106382979 0.03125 0.0425531914893617
0 0.87109375 0.10372340425531915 0.03125 0.0425531914893617
0 0.73828125 0.25 0.03125 0.0425531914893617
0 0.9111328125 0.12234042553191489 0.03125 0.0425531914893617
0 0.708984375 0.5611702127659575 0.03125 0.0425531914893617
0 0.759765625 0.5718085106382979 0.03125 0.0425531914893617
0 0.6455078125 0.7034574468085106 0.03125 0.0425531914893617
0 0.896484375 0.7978723404255319 0.03125 0.0425531914893617
0 0.916015625 0.8537234042553191 0.03125 0.0425531914893617
0 0.84765625 0.8430851063829787 0.03125 0.0425531914893617
0 0.68359375 0.5531914893617021 0.03125 0.0425531914893617
0 0.5048828125 0.9654255319148937 0.03125 0.0425531914893617
0 0.3916015625 0.2779255319148936 0.03125 0.0425531914893617
0 0.40625 0.22340425531914893 0.03125 0.0425531914893617
0 0.34765625 0.22606382978723405 0.03125 0.0425531914893617
0 0.2431640625 0.15691489361702127 0.03125 0.0425531914893617
0 0.208984375 0.034574468085106384 0.03125 0.0425531914893617
0 0.3134765625 0.023936170212765957 0.03125 0.0425531914893617
0 0.3369140625 0.901595744680851 0.03125 0.0425531914893617
0 0.322265625 0.973404255319149 0.03125 0.0425531914893617
0 0.283203125 0.7300531914893617 0.03125 0.0425531914893617
0 0.27734375 0.6622340425531915 0.03125 0.0425531914893617
0 0.3125 0.651595744680851 0.03125 0.0425531914893617
0 0.3486328125 0.6595744680851063 0.03125 0.0425531914893617
0 0.0859375 0.18882978723404256 0.03125 0.0425531914893617
0 0.0595703125 0.19946808510638298 0.03125 0.0425531914893617
0 0.0625 0.23670212765957446 0.03125 0.0425531914893617
0 0.0625 0.10638297872340426 0.03125 0.0425531914893617
0 0.419921875 0.5970744680851063 0.03125 0.0425531914893617
0 0.306640625 0.5332446808510638 0.03125 0.0425531914893617
0 0.087890625 0.6502659574468085 0.03125 0.0425531914893617
0 0.0126953125 0.5425531914893617 0.03125 0.0425531914893617
0 0.1171875 0.36436170212765956 0.03125 0.0425531914893617
0 0.12109375 0.31382978723404253 0.03125 0.0425531914893617
0 0.2421875 0.2872340425531915 0.03125 0.0425531914893617
0 0.41796875 0.4521276595744681 0.03125 0.0425531914893617
1 0.8525390625 0.08776595744680851 0.03125 0.0425531914893617
1 0.767578125 0.034574468085106384 0.03125 0.0425531914893617
1 0.732421875 0.011968085106382979 0.03125 0.0425531914893617
1 0.673828125 0.026595744680851064 0.03125 0.0425531914893617
1 0.6494140625 0.0797872340425532 0.03125 0.0425531914893617
1 0.619140625 0.09175531914893617 0.03125 0.0425531914893617
1 0.54296875 0.08244680851063829 0.03125 0.0425531914893617
1 0.5263671875 0.08111702127659574 0.03125 0.0425531914893617
1 0.5087890625 0.10372340425531915 0.03125 0.0425531914893617
1 0.626953125 0.1768617021276596 0.03125 0.0425531914893617
1 0.84765625 0.125 0.03125 0.0425531914893617
1 0.0087890625 0.8643617021276596 0.03125 0.0425531914893617
1 0.0439453125 0.824468085106383 0.03125 0.0425531914893617
1 0.0341796875 0.6981382978723404 0.03125 0.0425531914893617
1 0.0302734375 0.6476063829787234 0.03125 0.0425531914893617
1 0.1318359375 0.613031914893617 0.03125 0.0425531914893617
1 0.1630859375 0.7832446808510638 0.03125 0.0425531914893617
1 0.169921875 0.836436170212766 0.03125 0.0425531914893617
1 0.20703125 0.8018617021276596 0.03125 0.0425531914893617
1 0.1494140625 0.9295212765957447 0.03125 0.0425531914893617
1 0.2392578125 0.9375 0.03125 0.0425531914893617
1 0.390625 0.07180851063829788 0.03125 0.0425531914893617
1 0.2314453125 0.07579787234042554 0.03125 0.0425531914893617
1 0.1064453125 0.006648936170212766 0.03125 0.0425531914893617
1 0.6787109375 0.3390957446808511 0.03125 0.0425531914893617
1 0.6025390625 0.3151595744680851 0.03125 0.0425531914893617
1 0.5908203125 0.26861702127659576 0.03125 0.0425531914893617
1 0.5517578125 0.3257978723404255 0.03125 0.0425531914893617
1 0.5009765625 0.3351063829787234 0.03125 0.0425531914893617
1 0.4482421875 0.1901595744680851 0.03125 0.0425531914893617
1 0.5234375 0.3670212765957447 0.03125 0.0425531914893617
1 0.5341796875 0.42154255319148937 0.03125 0.0425531914893617
1 0.6279296875 0.3696808510638298 0.03125 0.0425531914893617
1 0.6396484375 0.3882978723404255 0.03125 0.0425531914893617
1 0.6162109375 0.4734042553191489 0.03125 0.0425531914893617
1 0.681640625 0.43617021276595747 0.03125 0.0425531914893617
1 0.703125 0.4787234042553192 0.03125 0.0425531914893617
1 0.748046875 0.4973404255319149 0.03125 0.0425531914893617
1 0.7958984375 0.5093085106382979 0.03125 0.0425531914893617
1 0.8095703125 0.4720744680851064 0.03125 0.0425531914893617
1 0.8349609375 0.4375 0.03125 0.0425531914893617
1 0.8173828125 0.41356382978723405 0.03125 0.0425531914893617
1 0.7587890625 0.37101063829787234 0.03125 0.0425531914893617
1 0.7587890625 0.3351063829787234 0.03125 0.0425531914893617
1 0.7744140625 0.29654255319148937 0.03125 0.0425531914893617
1 0.7529296875 0.20212765957446807 0.03125 0.0425531914893617
1 0.935546875 0.25930851063829785 0.03125 0.0425531914893617
1 0.951171875 0.3098404255319149 0.03125 0.0425531914893617
1 0.8701171875 0.34308510638297873 0.03125 0.0425531914893617
1 0.8486328125 0.3324468085106383 0.03125 0.0425531914893617
1 0.951171875 0.4787234042553192 0.03125 0.0425531914893617
1 0.9462890625 0.5212765957446809 0.03125 0.0425531914893617
1 0.9599609375 0.574468085106383 0.03125 0.0425531914893617
1 0.966796875 0.613031914893617 0.03125 0.0425531914893617
1 0.9951171875 0.6343085106382979 0.03125 0.0425531914893617
1 0.9462890625 0.6781914893617021 0.03125 0.0425531914893617
1 0.96484375 0.7273936170212766 0.03125 0.0425531914893617
1 0.921875 0.625 0.03125 0.0425531914893617
1 0.9189453125 0.5638297872340425 0.03125 0.0425531914893617
1 0.9013671875 0.6329787234042553 0.03125 0.0425531914893617
1 0.8486328125 0.6901595744680851 0.03125 0.0425531914893617
1 0.814453125 0.6954787234042553 0.03125 0.0425531914893617
1 0.798828125 0.6981382978723404 0.03125 0.0425531914893617
1 0.8095703125 0.6422872340425532 0.03125 0.0425531914893617
1 0.763671875 0.6050531914893617 0.03125 0.0425531914893617
1 0.5791015625 0.5186170212765957 0.03125 0.0425531914893617
1 0.5283203125 0.5292553191489362 0.03125 0.0425531914893617
1 0.556640625 0.5930851063829787 0.03125 0.0425531914893617
1 0.505859375 0.6276595744680851 0.03125 0.0425531914893617
1 0.89453125 0.9414893617021277 0.03125 0.0425531914893617
1 0.89453125 0.9893617021276596 0.03125 0.0425531914893617
1 0.7763671875 0.785904255319149 0.03125 0.0425531914893617
1 0.71484375 0.8444148936170213 0.03125 0.0425531914893617
1 0.669921875 0.8404255319148937 0.03125 0.0425531914893617
1 0.623046875 0.8949468085106383 0.03125 0.0425531914893617
1 0.603515625 0.6143617021276596 0.03125 0.0425531914893617
1 0.59375 0.5611702127659575 0.03125 0.0425531914893617
1 0.619140625 0.5452127659574468 0.03125 0.0425531914893617
1 0.63671875 0.4800531914893617 0.03125 0.0425531914893617
1 0.5126953125 0.6382978723404256 0.03125 0.0425531914893617
1 0.513671875 0.7047872340425532 0.03125 0.0425531914893617
1 0.7060546875 0.7486702127659575 0.03125 0.0425531914893617
1 0.474609375 0.5452127659574468 0.03125 0.0425531914893617
1 0.48828125 0.5093085106382979 0.03125 0.0425531914893617
1 0.4892578125 0.45478723404255317 0.03125 0.0425531914893617
1 0.4755859375 0.43617021276595747 0.03125 0.0425531914893617
1 0.4697265625 0.425531914893617 0.03125 0.0425531914893617
1 0.4775390625 0.4162234042553192 0.03125 0.0425531914893617
1 0.458984375 0.4002659574468085 0.03125 0.0425531914893617
1 0.4296875 0.3484042553191489 0.03125 0.0425531914893617
1 0.4189453125 0.34308510638297873 0.03125 0.0425531914893617
1 0.69140625 0.9853723404255319 0.03125 0.0425531914893617
1 0.5634765625 0.9853723404255319 0.03125 0.0425531914893617
1 0.4482421875 0.5970744680851063 0.03125 0.0425531914893617
1 0.4267578125 0.6223404255319149 0.03125 0.0425531914893617
1 0.369140625 0.5531914893617021 0.03125 0.0425531914893617
1 0.95703125 0.988031914893617 0.03125 0.0425531914893617
1 0.9951171875 0.9162234042553191 0.03125 0.0425531914893617
1 0.9248046875 0.9175531914893617 0.03125 0.0425531914893617
1 0.2265625 0.13829787234042554 0.03125 0.0425531914893617
1 0.275390625 0.21675531914893617 0.03125 0.0425531914893617
1 0.26171875 0.24069148936170212 0.03125 0.0425531914893617
1 0.306640625 0.17154255319148937 0.03125 0.0425531914893617
1 0.30078125 0.06515957446808511 0.03125 0.0425531914893617
1 0.3232421875 0.6077127659574468 0.03125 0.0425531914893617
1 0.3115234375 0.5797872340425532 0.03125 0.0425531914893617
1 0.2890625 0.6981382978723404 0.03125 0.0425531914893617
1 0.9658203125 0.836436170212766 0.03125 0.0425531914893617
1 0.0966796875 0.43617021276595747 0.03125 0.0425531914893617
1 0.015625 0.12101063829787234 0.03125 0.0425531914893617
1 0.0888671875 0.1981382978723404 0.03125 0.0425531914893617
1 0.1142578125 0.2646276595744681 0.03125 0.0425531914893617
1 0.1630859375 0.1848404255319149 0.03125 0.0425531914893617
1 0.185546875 0.13297872340425532 0.03125 0.0425531914893617
1 0.2177734375 0.12101063829787234 0.03125 0.0425531914893617
1 0.4072265625 0.9601063829787234 0.03125 0.0425531914893617
1 0.2626953125 0.9414893617021277 0.03125 0.0425531914893617
1 0.3125 0.848404255319149 0.03125 0.0425531914893617
1 0.185546875 0.7034574468085106 0.03125 0.0425531914893617
1 0.2177734375 0.5 0.03125 0.0425531914893617
1 0.248046875 0.5066489361702128 0.03125 0.0425531914893617
1 0.251953125 0.4654255319148936 0.03125 0.0425531914893617
1 0.318359375 0.4640957446808511 0.03125 0.0425531914893617
1 0.302734375 0.4521276595744681 0.03125 0.0425531914893617
1 0.271484375 0.3882978723404255 0.03125 0.0425531914893617
1 0.1396484375 0.4627659574468085 0.03125 0.0425531914893617
1 0.1552734375 0.4122340425531915 0.03125 0.0425531914893617
1 0.1396484375 0.39095744680851063 0.03125 0.0425531914893617
1 0.0966796875 0.3404255319148936 0.03125 0.0425531914893617
1 0.13671875 0.15425531914893617 0.03125 0.0425531914893617
1 0.4384765625 0.9095744680851063 0.03125 0.0425531914893617
1 0.087890625 0.7699468085106383 0.03125 0.0425531914893617
1 0.0625 0.44680851063829785 0.03125 0.0425531914893617
1 0.0400390625 0.4295212765957447 0.03125 0.0425531914893617
1 0.0361328125 0.4122340425531915 0.03125 0.0425531914893617
1 0.01171875 0.425531914893617 0.03125 0.0425531914893617
1 0.0654296875 0.28856382978723405 0.03125 0.0425531914893617
1 0.126953125 0.2912234042553192 0.03125 0.0425531914893617
1 0.9921875 0.8444148936170213 0.03125 0.0425531914893617
1 0.2431640625 0.925531914893617 0.03125 0.0425531914893617