0 0.02734375 0.20345744680851063 0.03125 0.0425531914893617
0 0.0830078125 0.18617021276595744 0.03125 0.0425531914893617
0 0.123046875 0.2726063829787234 0.03125 0.0425531914893617
0 0.087890625 0.4162234042553192 0.03125 0.0425531914893617
0 0.0361328125 0.4946808510638298 0.03125 0.0425531914893617
0 0.248046875 0.3257978723404255 0.03125 0.0425531914893617
0 0.36328125 0.2845744680851064 0.03125 0.0425531914893617
0 0.359375 0.09308510638297872 0.03125 0.0425531914893617
0 0.525390625 0.07180851063829788 0.03125 0.0425531914893617
0 0.5556640625 0.3204787234042553 0.03125 0.0425531914893617
0 0.416015625 0.5279255319148937 0.03125 0.0425531914893617
0 0.353515625 0.5545212765957447 0.03125 0.0425531914893617
0 0.43359375 0.6223404255319149 0.03125 0.0425531914893617
0 0.4658203125 0.7686170212765957 0.03125 0.0425531914893617
0 0.388671875 0.8577127659574468 0.03125 0.0425531914893617
0 0.2822265625 0.9175531914893617 0.03125 0.0425531914893617
0 0.4609375 0.964095744680851 0.03125 0.0425531914893617
0 0.5234375 0.9800531914893617 0.03125 0.0425531914893617
0 0.5986328125 0.8324468085106383 0.03125 0.0425531914893617
0 0.7109375 0.9414893617021277 0.03125 0.0425531914893617
0 0.755859375 0.964095744680851 0.03125 0.0425531914893617
0 0.8671875 0.9534574468085106 0.03125 0.0425531914893617
0 0.98046875 0.6329787234042553 0.03125 0.0425531914893617
0 0.6259765625 0.5292553191489362 0.03125 0.0425531914893617
0 0.771484375 0.3882978723404255 0.03125 0.0425531914893617
0 0.8837890625 0.33111702127659576 0.03125 0.0425531914893617
0 0.8671875 0.09042553191489362 0.03125 0.0425531914893617
0 0.7900390625 0.1276595744680851 0.03125 0.0425531914893617
0 0.66796875 0.1595744680851064 0.03125 0.0425531914893617
0 0.9697265625 0.08643617021276596 0.03125 0.0425531914893617
0 0.439453125 0.39095744680851063 0.03125 0.0425531914893617
0 0.5390625 0.7047872340425532 0.03125 0.0425531914893617
1 0.884765625 0.06648936170212766 0.03125 0.0425531914893617
1 0.5791015625 0.5718085106382979 0.03125 0.0425531914893617
1 0.5712890625 0.5771276595744681 0.03125 0.0425531914893617
1 0.5 0.5851063829787234 0.03125 0.0425531914893617
1 0.5185546875 0.6715425531914894 0.03125 0.0425531914893617
1 0.4736328125 0.6768617021276596 0.03125 0.0425531914893617
1 0.5595703125 0.6821808510638298 0.03125 0.0425531914893617
1 0.9267578125 0.5704787234042553 0.03125 0.0425531914893617
1 0.978515625 0.586436170212766 0.03125 0.0425531914893617
1 0.99609375 0.8377659574468085 0.03125 0.0425531914893617
1 0.916015625 0.7021276595744681 0.03125 0.0425531914893617
1 0.8232421875 0.663563829787234 0.03125 0.0425531914893617
1 0.787109375 0.6569148936170213 0.03125 0.0425531914893617
1 0.712890625 0.6928191489361702 0.03125 0.0425531914893617
1 0.845703125 0.7566489361702128 0.03125 0.0425531914893617
1 0.751953125 0.8218085106382979 0.03125 0.0425531914893617
1 0.7236328125 0.8417553191489362 0.03125 0.0425531914893617
1 0.72265625 0.9122340425531915 0.03125 0.0425531914893617
1 0.763671875 0.9627659574468085 0.03125 0.0425531914893617
1 0.8408203125 0.9574468085106383 0.03125 0.0425531914893617
1 0.8974609375 0.9029255319148937 0.03125 0.0425531914893617
1 0.876953125 0.898936170212766 0.03125 0.0425531914893617
1 0.6923828125 0.9973404255319149 0.03125 0.0425531914893617
1 0.6416015625 0.9800531914893617 0.03125 0.0425531914893617
1 0.6123046875 0.9720744680851063 0.03125 0.0425531914893617
1 0.595703125 0.9853723404255319 0.03125 0.0425531914893617
1 0.5732421875 0.9906914893617021 0.03125 0.0425531914893617
1 0.5791015625 0.949468085106383 0.03125 0.0425531914893617
1 0.623046875 0.9029255319148937 0.03125 0.0425531914893617
1 0.5751953125 0.8843085106382979 0.03125 0.0425531914893617
1 0.552734375 0.9242021276595744 0.03125 0.0425531914893617
1 0.6474609375 0.8736702127659575 0.03125 0.0425531914893617
1 0.6630859375 0.8430851063829787 0.03125 0.0425531914893617
1 0.568359375 0.8178191489361702 0.03125 0.0425531914893617
1 0.572265625 0.7593085106382979 0.03125 0.0425531914893617
1 0.6123046875 0.7420212765957447 0.03125 0.0425531914893617
1 0.6201171875 0.7021276595744681 0.03125 0.0425531914893617
1 0.5361328125 0.8164893617021277 0.03125 0.0425531914893617
1 0.5068359375 0.8151595744680851 0.03125 0.0425531914893617
1 0.5009765625 0.7393617021276596 0.03125 0.0425531914893617
1 0.44921875 0.6675531914893617 0.03125 0.0425531914893617
1 0.4208984375 0.6170212765957447 0.03125 0.0425531914893617
1 0.3828125 0.6861702127659575 0.03125 0.0425531914893617
1 0.353515625 0.636968085106383 0.03125 0.0425531914893617
1 0.2861328125 0.5904255319148937 0.03125 0.0425531914893617
1 0.3095703125 0.526595744680851 0.03125 0.0425531914893617
1 0.3017578125 0.6861702127659575 0.03125 0.0425531914893617
1 0.2666015625 0.7712765957446809 0.03125 0.0425531914893617
1 0.3017578125 0.7965425531914894 0.03125 0.0425531914893617
1 0.3173828125 0.8297872340425532 0.03125 0.0425531914893617
1 0.337890625 0.8696808510638298 0.03125 0.0425531914893617
1 0.357421875 0.8537234042553191 0.03125 0.0425531914893617
1 0.3984375 0.9574468085106383 0.03125 0.0425531914893617
1 0.3935546875 0.9654255319148937 0.03125 0.0425531914893617
1 0.4404296875 0.988031914893617 0.03125 0.0425531914893617
1 0.2451171875 0.9521276595744681 0.03125 0.0425531914893617
1 0.1513671875 0.976063829787234 0.03125 0.0425531914893617
1 0.1298828125 0.9853723404255319 0.03125 0.0425531914893617
1 0.1865234375 0.8470744680851063 0.03125 0.0425531914893617
1 0.109375 0.7845744680851063 0.03125 0.0425531914893617
1 0.0400390625 0.7367021276595744 0.03125 0.0425531914893617
1 0.4560546875 0.36569148936170215 0.03125 0.0425531914893617
1 0.4619140625 0.35106382978723405 0.03125 0.0425531914893617
1 0.435546875 0.3550531914893617 0.03125 0.0425531914893617
1 0.4345703125 0.36436170212765956 0.03125 0.0425531914893617
1 0.4306640625 0.32313829787234044 0.03125 0.0425531914893617
1 0.4033203125 0.2765957446808511 0.03125 0.0425531914893617
1 0.021484375 0.22074468085106383 0.03125 0.0425531914893617
1 0.0859375 0.24335106382978725 0.03125 0.0425531914893617
1 0.1220703125 0.25132978723404253 0.03125 0.0425531914893617
1 0.16796875 0.18218085106382978 0.03125 0.0425531914893617
1 0.189453125 0.11835106382978723 0.03125 0.0425531914893617
1 0.2333984375 0.11835106382978723 0.03125 0.0425531914893617
1 0.23828125 0.24069148936170212 0.03125 0.0425531914893617
1 0.2548828125 0.20877659574468085 0.03125 0.0425531914893617
1 0.318359375 0.23537234042553193 0.03125 0.0425531914893617
1 0.3330078125 0.2327127659574468 0.03125 0.0425531914893617
1 0.3349609375 0.21675531914893617 0.03125 0.0425531914893617
1 0.44921875 0.1675531914893617 0.03125 0.0425531914893617
1 0.412109375 0.21941489361702127 0.03125 0.0425531914893617
1 0.462890625 0.11037234042553191 0.03125 0.0425531914893617
1 0.447265625 0.0678191489361702 0.03125 0.0425531914893617
1 0.3408203125 0.031914893617021274 0.03125 0.0425531914893617
1 0.42578125 0.17553191489361702 0.03125 0.0425531914893617
1 0.1162109375 0.6569148936170213 0.03125 0.0425531914893617
1 0.60546875 0.5611702127659575 0.03125 0.0425531914893617
1 0.244140625 0.699468085106383 0.03125 0.0425531914893617
1 0.232421875 0.6861702127659575 0.03125 0.0425531914893617
1 0.271484375 0.6835106382978723 0.03125 0.0425531914893617
1 0.212890625 0.5305851063829787 0.03125 0.0425531914893617
1 0.1875 0.5132978723404256 0.03125 0.0425531914893617
1 0.140625 0.4853723404255319 0.03125 0.0425531914893617
1 0.1142578125 0.5 0.03125 0.0425531914893617
1 0.123046875 0.4507978723404255 0.03125 0.0425531914893617
1 0.134765625 0.4401595744680851 0.03125 0.0425531914893617
1 0.1494140625 0.36436170212765956 0.03125 0.0425531914893617
1 0.0732421875 0.4242021276595745 0.03125 0.0425531914893617
1 0.216796875 0.4640957446808511 0.03125 0.0425531914893617
1 0.2236328125 0.4295212765957447 0.03125 0.0425531914893617
1 0.248046875 0.40558510638297873 0.03125 0.0425531914893617
1 0.2607421875 0.4375 0.03125 0.0425531914893617
1 0.3564453125 0.4521276595744681 0.03125 0.0425531914893617
1 0.341796875 0.37367021276595747 0.03125 0.0425531914893617
1 0.271484375 0.3191489361702128 0.03125 0.0425531914893617
1 0.2373046875 0.33111702127659576 0.03125 0.0425531914893617
1 0.2978515625 0.2726063829787234 0.03125 0.0425531914893617
1 0.365234375 0.3617021276595745 0.03125 0.0425531914893617
1 0.9375 0.10638297872340426 0.03125 0.0425531914893617
1 0.8720703125 0.26728723404255317 0.03125 0.0425531914893617
1 0.8798828125 0.3337765957446808 0.03125 0.0425531914893617
1 0.8662109375 0.40824468085106386 0.03125 0.0425531914893617
1 0.8525390625 0.45611702127659576 0.03125 0.0425531914893617
1 0.8447265625 0.4507978723404255 0.03125 0.0425531914893617
1 0.9287109375 0.4973404255319149 0.03125 0.0425531914893617
1 0.9375 0.4853723404255319 0.03125 0.0425531914893617
1 0.986328125 0.5212765957446809 0.03125 0.0425531914893617
1 0.9990234375 0.24069148936170212 0.03125 0.0425531914893617
1 0.7880859375 0.3191489361702128 0.03125 0.0425531914893617
1 0.7734375 0.4507978723404255 0.03125 0.0425531914893617
1 0.7998046875 0.4587765957446808 0.03125 0.0425531914893617
1 0.734375 0.48404255319148937 0.03125 0.0425531914893617
1 0.67578125 0.48271276595744683 0.03125 0.0425531914893617
1 0.59765625 0.37367021276595747 0.03125 0.0425531914893617
1 0.525390625 0.3271276595744681 0.03125 0.0425531914893617
1 0.576171875 0.20345744680851063 0.03125 0.0425531914893617
1 0.6162109375 0.2327127659574468 0.03125 0.0425531914893617
1 0.6982421875 0.20345744680851063 0.03125 0.0425531914893617
1 0.564453125 0.12234042553191489 0.03125 0.0425531914893617
1 0.556640625 0.02526595744680851 0.03125 0.0425531914893617
1 0.6171875 0.009308510638297872 0.03125 0.0425531914893617
1 0.634765625 0.03856382978723404 0.03125 0.0425531914893617
1 0.6787109375 0.009308510638297872 0.03125 0.0425531914893617
1 0.775390625 0.04521276595744681 0.03125 0.0425531914893617
1 0.76171875 0.18085106382978725 0.03125 0.0425531914893617
1 0.8740234375 0.1875 0.03125 0.0425531914893617
1 0.853515625 0.13430851063829788 0.03125 0.0425531914893617