0 0.6142578125 0.36569148936170215 0.03125 0.0425531914893617
0 0.9990234375 0.29654255319148937 0.03125 0.0425531914893617
0 0.7802734375 0.660904255319149 0.03125 0.0425531914893617
0 0.384765625 0.7047872340425532 0.03125 0.0425531914893617
0 0.6689453125 0.7845744680851063 0.03125 0.0425531914893617
0 0.76953125 0.8523936170212766 0.03125 0.0425531914893617
0 0.1025390625 0.8351063829787234 0.03125 0.0425531914893617
0 0.5009765625 0.20345744680851063 0.03125 0.0425531914893617
0 0.390625 0.48936170212765956 0.03125 0.0425531914893617
0 0.361328125 0.5930851063829787 0.03125 0.0425531914893617
0 0.3837890625 0.8523936170212766 0.03125 0.0425531914893617
0 0.1435546875 0.07047872340425532 0.03125 0.0425531914893617
0 0.7939453125 0.06382978723404255 0.03125 0.0425531914893617
0 0.8359375 0.06382978723404255 0.03125 0.0425531914893617
0 0.916015625 0.018617021276595744 0.03125 0.0425531914893617
0 0.720703125 0.26861702127659576 0.03125 0.0425531914893617
0 0.8125 0.15558510638297873 0.03125 0.0425531914893617
0 0.833984375 0.07446808510638298 0.03125 0.0425531914893617
0 0.92578125 0.5598404255319149 0.03125 0.0425531914893617
0 0.3994140625 0.7566489361702128 0.03125 0.0425531914893617
0 0.7783203125 0.9654255319148937 0.03125 0.0425531914893617
1 0.548828125 0.2646276595744681 0.03125 0.0425531914893617
1 0.5810546875 0.3523936170212766 0.03125 0.0425531914893617
1 0.681640625 0.43882978723404253 0.03125 0.0425531914893617
1 0.607421875 0.25132978723404253 0.03125 0.0425531914893617
1 0.603515625 0.2220744680851064 0.03125 0.0425531914893617
1 0.5947265625 0.22074468085106383 0.03125 0.0425531914893617
1 0.58984375 0.23404255319148937 0.03125 0.0425531914893617
1 0.6337890625 0.20212765957446807 0.03125 0.0425531914893617
1 0.6201171875 0.05851063829787234 0.03125 0.0425531914893617
1 0.6865234375 0.10904255319148937 0.03125 0.0425531914893617
1 0.67578125 0.13297872340425532 0.03125 0.0425531914893617
1 0.701171875 0.1981382978723404 0.03125 0.0425531914893617
1 0.6865234375 0.2047872340425532 0.03125 0.0425531914893617
1 0.7255859375 0.20345744680851063 0.03125 0.0425531914893617
1 0.7236328125 0.28191489361702127 0.03125 0.0425531914893617
1 0.7412109375 0.2912234042553192 0.03125 0.0425531914893617
1 0.7890625 0.29521276595744683 0.03125 0.0425531914893617
1 0.787109375 0.3045212765957447 0.03125 0.0425531914893617
1 0.833984375 0.3271276595744681 0.03125 0.0425531914893617
1 0.8369140625 0.3829787234042553 0.03125 0.0425531914893617
1 0.755859375 0.38430851063829785 0.03125 0.0425531914893617
1 0.75390625 0.3470744680851064 0.03125 0.0425531914893617
1 0.80078125 0.4787234042553192 0.03125 0.0425531914893617
1 0.84375 0.22340425531914893 0.03125 0.0425531914893617
1 0.8310546875 0.2074468085106383 0.03125 0.0425531914893617
1 0.8203125 0.1848404255319149 0.03125 0.0425531914893617
1 0.802734375 0.16356382978723405 0.03125 0.0425531914893617
1 0.7822265625 0.09175531914893617 0.03125 0.0425531914893617
1 0.7626953125 0.11436170212765957 0.03125 0.0425531914893617
1 0.9130859375 0.11835106382978723 0.03125 0.0425531914893617
1 0.931640625 0.15824468085106383 0.03125 0.0425531914893617
1 0.966796875 0.1675531914893617 0.03125 0.0425531914893617
1 0.990234375 0.1422872340425532 0.03125 0.0425531914893617
1 0.9970703125 0.21675531914893617 0.03125 0.0425531914893617
1 0.6650390625 0.5199468085106383 0.03125 0.0425531914893617
1 0.6513671875 0.5199468085106383 0.03125 0.0425531914893617
1 0.5810546875 0.526595744680851 0.03125 0.0425531914893617
1 0.54296875 0.574468085106383 0.03125 0.0425531914893617
1 0.6572265625 0.5930851063829787 0.03125 0.0425531914893617
1 0.6630859375 0.636968085106383 0.03125 0.0425531914893617
1 0.8974609375 0.6968085106382979 0.03125 0.0425531914893617
1 0.658203125 0.7220744680851063 0.03125 0.0425531914893617
1 0.662109375 0.7526595744680851 0.03125 0.0425531914893617
1 0.662109375 0.7845744680851063 0.03125 0.0425531914893617
1 0.7080078125 0.8444148936170213 0.03125 0.0425531914893617
1 0.7080078125 0.9029255319148937 0.03125 0.0425531914893617
1 0.7216796875 0.9468085106382979 0.03125 0.0425531914893617
1 0.7392578125 0.9587765957446809 0.03125 0.0425531914893617
1 0.646484375 0.9986702127659575 0.03125 0.0425531914893617
1 0.5087890625 0.9920212765957447 0.03125 0.0425531914893617
1 0.40234375 0.7207446808510638 0.03125 0.0425531914893617
1 0.3955078125 0.7300531914893617 0.03125 0.0425531914893617
1 0.431640625 0.839095744680851 0.03125 0.0425531914893617
1 0.400390625 0.8643617021276596 0.03125 0.0425531914893617
1 0.47265625 0.49069148936170215 0.03125 0.0425531914893617
1 0.3232421875 0.9042553191489362 0.03125 0.0425531914893617
1 0.28125 0.875 0.03125 0.0425531914893617
1 0.2998046875 0.973404255319149 0.03125 0.0425531914893617
1 0.1572265625 0.9321808510638298 0.03125 0.0425531914893617
1 0.126953125 0.800531914893617 0.03125 0.0425531914893617
1 0.1484375 0.7460106382978723 0.03125 0.0425531914893617
1 0.0966796875 0.761968085106383 0.03125 0.0425531914893617
1 0.2294921875 0.773936170212766 0.03125 0.0425531914893617
1 0.2314453125 0.6702127659574468 0.03125 0.0425531914893617
1 0.197265625 0.7074468085106383 0.03125 0.0425531914893617
1 0.1806640625 0.6196808510638298 0.03125 0.0425531914893617
1 0.1669921875 0.5944148936170213 0.03125 0.0425531914893617
1 0.1279296875 0.574468085106383 0.03125 0.0425531914893617
1 0.076171875 0.6476063829787234 0.03125 0.0425531914893617
1 0.056640625 0.5904255319148937 0.03125 0.0425531914893617
1 0.33984375 0.24468085106382978 0.03125 0.0425531914893617
1 0.330078125 0.18218085106382978 0.03125 0.0425531914893617
1 0.4384765625 0.08377659574468085 0.03125 0.0425531914893617
1 0.474609375 0.9308510638297872 0.03125 0.0425531914893617
1 0.6865234375 0.9308510638297872 0.03125 0.0425531914893617
1 0.611328125 0.973404255319149 0.03125 0.0425531914893617
1 0.6005859375 0.8976063829787234 0.03125 0.0425531914893617
1 0.619140625 0.839095744680851 0.03125 0.0425531914893617
1 0.634765625 0.839095744680851 0.03125 0.0425531914893617
1 0.748046875 0.5172872340425532 0.03125 0.0425531914893617
1 0.8408203125 0.6156914893617021 0.03125 0.0425531914893617
1 0.8740234375 0.6569148936170213 0.03125 0.0425531914893617
1 0.896484375 0.6382978723404256 0.03125 0.0425531914893617
1 0.9326171875 0.5997340425531915 0.03125 0.0425531914893617
1 0.986328125 0.5478723404255319 0.03125 0.0425531914893617
1 0.9267578125 0.738031914893617 0.03125 0.0425531914893617
1 0.7470703125 0.6542553191489362 0.03125 0.0425531914893617
1 0.689453125 0.5678191489361702 0.03125 0.0425531914893617
1 0.3896484375 0.19680851063829788 0.03125 0.0425531914893617
1 0.3720703125 0.12367021276595745 0.03125 0.0425531914893617
1 0.35546875 0.07712765957446809 0.03125 0.0425531914893617
1 0.3046875 0.13164893617021275 0.03125 0.0425531914893617
1 0.28515625 0.07313829787234043 0.03125 0.0425531914893617
1 0.2529296875 0.07579787234042554 0.03125 0.0425531914893617
1 0.240234375 0.06515957446808511 0.03125 0.0425531914893617
1 0.2587890625 0.13430851063829788 0.03125 0.0425531914893617
1 0.240234375 0.2154255319148936 0.03125 0.0425531914893617
1 0.21875 0.19680851063829788 0.03125 0.0425531914893617
1 0.169921875 0.2047872340425532 0.03125 0.0425531914893617
1 0.166015625 0.2566489361702128 0.03125 0.0425531914893617
1 0.1162109375 0.23404255319148937 0.03125 0.0425531914893617
1 0.9013671875 0.839095744680851 0.03125 0.0425531914893617
1 0.87109375 0.8257978723404256 0.03125 0.0425531914893617
1 0.8740234375 0.8829787234042553 0.03125 0.0425531914893617
1 0.857421875 0.8962765957446809 0.03125 0.0425531914893617
1 0.8427734375 0.9242021276595744 0.03125 0.0425531914893617
1 0.8935546875 0.9534574468085106 0.03125 0.0425531914893617
1 0.90625 0.8843085106382979 0.03125 0.0425531914893617
1 0.94921875 0.9375 0.03125 0.0425531914893617
1 0.9853515625 0.9122340425531915 0.03125 0.0425531914893617
1 0.9453125 0.7912234042553191 0.03125 0.0425531914893617
1 0.4658203125 0.8656914893617021 0.03125 0.0425531914893617
1 0.52734375 0.7872340425531915 0.03125 0.0425531914893617
1 0.4560546875 0.4853723404255319 0.03125 0.0425531914893617
1 0.4296875 0.5412234042553191 0.03125 0.0425531914893617
1 0.4287109375 0.6103723404255319 0.03125 0.0425531914893617
1 0.470703125 0.5811170212765957 0.03125 0.0425531914893617
1 0.451171875 0.3617021276595745 0.03125 0.0425531914893617
1 0.4052734375 0.2978723404255319 0.03125 0.0425531914893617
1 0.3564453125 0.34308510638297873 0.03125 0.0425531914893617
1 0.2890625 0.35904255319148937 0.03125 0.0425531914893617
1 0.2919921875 0.4734042553191489 0.03125 0.0425531914893617
1 0.26171875 0.5412234042553191 0.03125 0.0425531914893617
1 0.44140625 0.7101063829787234 0.03125 0.0425531914893617
1 0.3232421875 0.7207446808510638 0.03125 0.0425531914893617
1 0.28125 0.7553191489361702 0.03125 0.0425531914893617
1 0.251953125 0.699468085106383 0.03125 0.0425531914893617
1 0.3466796875 0.776595744680851 0.03125 0.0425531914893617
1 0.234375 0.6077127659574468 0.03125 0.0425531914893617
1 0.1943359375 0.5186170212765957 0.03125 0.0425531914893617
1 0.22265625 0.4734042553191489 0.03125 0.0425531914893617
1 0.2314453125 0.4002659574468085 0.03125 0.0425531914893617
1 0.1875 0.3204787234042553 0.03125 0.0425531914893617
1 0.1611328125 0.29654255319148937 0.03125 0.0425531914893617
1 0.1240234375 0.30319148936170215 0.03125 0.0425531914893617
1 0.0224609375 0.38563829787234044 0.03125 0.0425531914893617
1 0.0625 0.4800531914893617 0.03125 0.0425531914893617
1 0.1123046875 0.4454787234042553 0.03125 0.0425531914893617
1 0.13671875 0.39228723404255317 0.03125 0.0425531914893617
1 0.474609375 0.11037234042553191 0.03125 0.0425531914893617
1 0.4931640625 0.13164893617021275 0.03125 0.0425531914893617
1 0.41796875 0.13696808510638298 0.03125 0.0425531914893617
1 0.51953125 0.031914893617021274 0.03125 0.0425531914893617
1 0.5068359375 0.0797872340425532 0.03125 0.0425531914893617
1 0.5302734375 0.20212765957446807 0.03125 0.0425531914893617
1 0.615234375 0.3098404255319149 0.03125 0.0425531914893617
1 0.5908203125 0.44813829787234044 0.03125 0.0425531914893617
1 0.51953125 0.5146276595744681 0.03125 0.0425531914893617
1 0.9423828125 0.3696808510638298 0.03125 0.0425531914893617
1 0.978515625 0.3776595744680851 0.03125 0.0425531914893617
1 0.9482421875 0.2898936170212766 0.03125 0.0425531914893617
1 0.8896484375 0.28058510638297873 0.03125 0.0425531914893617
1 0.8798828125 0.2699468085106383 0.03125 0.0425531914893617
1 0.8916015625 0.2247340425531915 0.03125 0.0425531914893617
1 0.0263671875 0.9694148936170213 0.03125 0.0425531914893617
1 0.080078125 0.9587765957446809 0.03125 0.0425531914893617
1 0.1171875 0.9654255319148937 0.03125 0.0425531914893617
1 0.0615234375 0.9281914893617021 0.03125 0.0425531914893617
1 0.0625 0.839095744680851 0.03125 0.0425531914893617
1 0.04296875 0.8125 0.03125 0.0425531914893617
1 0.1435546875 0.8537234042553191 0.03125 0.0425531914893617
1 0.171875 0.8111702127659575 0.03125 0.0425531914893617
1 0.2001953125 0.8297872340425532 0.03125 0.0425531914893617
1 0.2333984375 0.8297872340425532 0.03125 0.0425531914893617
1 0.005859375 0.28324468085106386 0.03125 0.0425531914893617
1 0.0224609375 0.20212765957446807 0.03125 0.0425531914893617
1 0.005859375 0.21010638297872342 0.03125 0.0425531914893617
1 0.0478515625 0.20345744680851063 0.03125 0.0425531914893617
1 0.0654296875 0.16356382978723405 0.03125 0.0425531914893617
1 0.07421875 0.02925531914893617 0.03125 0.0425531914893617
1 0.4169921875 0.10904255319148937 0.03125 0.0425531914893617
1 0.8955078125 0.4321808510638298 0.03125 0.0425531914893617