0 0.62109375 0.5585106382978723 0.03125 0.0425531914893617
0 0.564453125 0.6077127659574468 0.03125 0.0425531914893617
0 0.78515625 0.38563829787234044 0.03125 0.0425531914893617
0 0.712890625 0.29388297872340424 0.03125 0.0425531914893617
0 0.61328125 0.18218085106382978 0.03125 0.0425531914893617
0 0.5791015625 0.10638297872340426 0.03125 0.0425531914893617
0 0.984375 0.4640957446808511 0.03125 0.0425531914893617
0 0.943359375 0.02925531914893617 0.03125 0.0425531914893617
0 0.466796875 0.4015957446808511 0.03125 0.0425531914893617
0 0.4921875 0.4095744680851064 0.03125 0.0425531914893617
0 0.2978515625 0.23670212765957446 0.03125 0.0425531914893617
0 0.2890625 0.1276595744680851 0.03125 0.0425531914893617
0 0.248046875 0.1768617021276596 0.03125 0.0425531914893617
0 0.2353515625 0.13297872340425532 0.03125 0.0425531914893617
0 0.2158203125 0.660904255319149 0.03125 0.0425531914893617
0 0.1650390625 0.726063829787234 0.03125 0.0425531914893617
0 0.232421875 0.8204787234042553 0.03125 0.0425531914893617
0 0.3603515625 0.9441489361702128 0.03125 0.0425531914893617
0 0.56640625 0.9601063829787234 0.03125 0.0425531914893617
0 0.521484375 0.8949468085106383 0.03125 0.0425531914893617
0 0.7275390625 0.6023936170212766 0.03125 0.0425531914893617
0 0.697265625 0.7313829787234043 0.03125 0.0425531914893617
0 0.783203125 0.7420212765957447 0.03125 0.0425531914893617
0 0.994140625 0.6981382978723404 0.03125 0.0425531914893617
0 0.8359375 0.574468085106383 0.03125 0.0425531914893617
0 0.8203125 0.9694148936170213 0.03125 0.0425531914893617
0 0.294921875 0.7353723404255319 0.03125 0.0425531914893617
0 0.353515625 0.9095744680851063 0.03125 0.0425531914893617
0 0.8642578125 0.17154255319148937 0.03125 0.0425531914893617
0 0.3486328125 0.5372340425531915 0.03125 0.0425531914893617
0 0.3955078125 0.6343085106382979 0.03125 0.0425531914893617
0 0.46875 0.8031914893617021 0.03125 0.0425531914893617
0 0.4267578125 0.9481382978723404 0.03125 0.0425531914893617
0 0.353515625 0.9853723404255319 0.03125 0.0425531914893617
0 0.326171875 0.9747340425531915 0.03125 0.0425531914893617
0 0.12109375 0.8896276595744681 0.03125 0.0425531914893617
0 0.087890625 0.910904255319149 0.03125 0.0425531914893617
0 0.134765625 0.9840425531914894 0.03125 0.0425531914893617
1 0.8173828125 0.2726063829787234 0.03125 0.0425531914893617
1 0.9755859375 0.3617021276595745 0.03125 0.0425531914893617
1 0.5556640625 0.5279255319148937 0.03125 0.0425531914893617
1 0.5703125 0.5531914893617021 0.03125 0.0425531914893617
1 0.5185546875 0.5997340425531915 0.03125 0.0425531914893617
1 0.7509765625 0.5319148936170213 0.03125 0.0425531914893617
1 0.796875 0.5784574468085106 0.03125 0.0425531914893617
1 0.7568359375 0.5824468085106383 0.03125 0.0425531914893617
1 0.7822265625 0.6050531914893617 0.03125 0.0425531914893617
1 0.8037109375 0.5558510638297872 0.03125 0.0425531914893617
1 0.767578125 0.6329787234042553 0.03125 0.0425531914893617
1 0.78125 0.6795212765957447 0.03125 0.0425531914893617
1 0.8271484375 0.699468085106383 0.03125 0.0425531914893617
1 0.8447265625 0.7300531914893617 0.03125 0.0425531914893617
1 0.8369140625 0.5944148936170213 0.03125 0.0425531914893617
1 0.8466796875 0.5784574468085106 0.03125 0.0425531914893617
1 0.927734375 0.6662234042553191 0.03125 0.0425531914893617
1 0.962890625 0.6502659574468085 0.03125 0.0425531914893617
1 0.94140625 0.625 0.03125 0.0425531914893617
1 0.9609375 0.5704787234042553 0.03125 0.0425531914893617
1 0.9833984375 0.6077127659574468 0.03125 0.0425531914893617
1 0.66796875 0.648936170212766 0.03125 0.0425531914893617
1 0.537109375 0.7247340425531915 0.03125 0.0425531914893617
1 0.7421875 0.4587765957446808 0.03125 0.0425531914893617
1 0.9580078125 0.5159574468085106 0.03125 0.0425531914893617
1 0.4697265625 0.9574468085106383 0.03125 0.0425531914893617
1 0.421875 0.9667553191489362 0.03125 0.0425531914893617
1 0.5087890625 0.7087765957446809 0.03125 0.0425531914893617
1 0.6015625 0.7047872340425532 0.03125 0.0425531914893617
1 0.88671875 0.9375 0.03125 0.0425531914893617
1 0.703125 0.8816489361702128 0.03125 0.0425531914893617
1 0.69921875 0.8523936170212766 0.03125 0.0425531914893617
1 0.658203125 0.9188829787234043 0.03125 0.0425531914893617
1 0.6240234375 0.9773936170212766 0.03125 0.0425531914893617
1 0.59765625 0.9281914893617021 0.03125 0.0425531914893617
1 0.5634765625 0.9148936170212766 0.03125 0.0425531914893617
1 0.5029296875 0.9122340425531915 0.03125 0.0425531914893617
1 0.505859375 0.9853723404255319 0.03125 0.0425531914893617
1 0.6025390625 0.8617021276595744 0.03125 0.0425531914893617
1 0.6044921875 0.8284574468085106 0.03125 0.0425531914893617
1 0.6201171875 0.8696808510638298 0.03125 0.0425531914893617
1 0.4404296875 0.8643617021276596 0.03125 0.0425531914893617
1 0.40234375 0.8590425531914894 0.03125 0.0425531914893617
1 0.4697265625 0.9960106382978723 0.03125 0.0425531914893617
1 0.3740234375 0.9813829787234043 0.03125 0.0425531914893617
1 0.2919921875 0.9893617021276596 0.03125 0.0425531914893617
1 0.255859375 0.9414893617021277 0.03125 0.0425531914893617
1 0.30078125 0.6768617021276596 0.03125 0.0425531914893617
1 0.2763671875 0.5545212765957447 0.03125 0.0425531914893617
1 0.1787109375 0.9800531914893617 0.03125 0.0425531914893617
1 0.15625 0.973404255319149 0.03125 0.0425531914893617
1 0.1513671875 0.9547872340425532 0.03125 0.0425531914893617
1 0.11328125 0.8763297872340425 0.03125 0.0425531914893617
1 0.1923828125 0.8337765957446809 0.03125 0.0425531914893617
1 0.25390625 0.9348404255319149 0.03125 0.0425531914893617
1 0.23828125 0.9574468085106383 0.03125 0.0425531914893617
1 0.2236328125 0.5412234042553191 0.03125 0.0425531914893617
1 0.158203125 0.598404255319149 0.03125 0.0425531914893617
1 0.13671875 0.574468085106383 0.03125 0.0425531914893617
1 0.0537109375 0.6529255319148937 0.03125 0.0425531914893617
1 0.0517578125 0.7686170212765957 0.03125 0.0425531914893617
1 0.4072265625 0.42154255319148937 0.03125 0.0425531914893617
1 0.3779296875 0.425531914893617 0.03125 0.0425531914893617
1 0.34375 0.40824468085106386 0.03125 0.0425531914893617
1 0.431640625 0.42021276595744683 0.03125 0.0425531914893617
1 0.4794921875 0.3271276595744681 0.03125 0.0425531914893617
1 0.2734375 0.4348404255319149 0.03125 0.0425531914893617
1 0.2373046875 0.425531914893617 0.03125 0.0425531914893617
1 0.1064453125 0.42154255319148937 0.03125 0.0425531914893617
1 0.08984375 0.40558510638297873 0.03125 0.0425531914893617
1 0.0556640625 0.40558510638297873 0.03125 0.0425531914893617
1 0.1552734375 0.3098404255319149 0.03125 0.0425531914893617
1 0.16015625 0.26861702127659576 0.03125 0.0425531914893617
1 0.884765625 0.23404255319148937 0.03125 0.0425531914893617
1 0.9140625 0.18617021276595744 0.03125 0.0425531914893617
1 0.810546875 0.21808510638297873 0.03125 0.0425531914893617
1 0.8125 0.14095744680851063 0.03125 0.0425531914893617
1 0.8427734375 0.022606382978723406 0.03125 0.0425531914893617
1 0.9921875 0.023936170212765957 0.03125 0.0425531914893617
1 0.962890625 0.34175531914893614 0.03125 0.0425531914893617
1 0.94140625 0.3484042553191489 0.03125 0.0425531914893617
1 0.9736328125 0.41888297872340424 0.03125 0.0425531914893617
1 0.9755859375 0.30186170212765956 0.03125 0.0425531914893617
1 0.7197265625 0.10904255319148937 0.03125 0.0425531914893617
1 0.685546875 0.03856382978723404 0.03125 0.0425531914893617
1 0.681640625 0.07047872340425532 0.03125 0.0425531914893617
1 0.6884765625 0.1077127659574468 0.03125 0.0425531914893617
1 0.689453125 0.13031914893617022 0.03125 0.0425531914893617
1 0.6083984375 0.08244680851063829 0.03125 0.0425531914893617
1 0.591796875 0.06382978723404255 0.03125 0.0425531914893617
1 0.5732421875 0.07313829787234043 0.03125 0.0425531914893617
1 0.568359375 0.15425531914893617 0.03125 0.0425531914893617
1 0.568359375 0.1675531914893617 0.03125 0.0425531914893617
1 0.53515625 0.1502659574468085 0.03125 0.0425531914893617
1 0.6044921875 0.1595744680851064 0.03125 0.0425531914893617
1 0.638671875 0.32313829787234044 0.03125 0.0425531914893617
1 0.5595703125 0.3776595744680851 0.03125 0.0425531914893617
1 0.525390625 0.32978723404255317 0.03125 0.0425531914893617
1 0.498046875 0.42686170212765956 0.03125 0.0425531914893617
1 0.6669921875 0.3776595744680851 0.03125 0.0425531914893617
1 0.7333984375 0.30851063829787234 0.03125 0.0425531914893617
1 0.6552734375 0.4228723404255319 0.03125 0.0425531914893617
1 0.64453125 0.5013297872340425 0.03125 0.0425531914893617
1 0.7607421875 0.4574468085106383 0.03125 0.0425531914893617
1 0.779296875 0.4587765957446808 0.03125 0.0425531914893617
1 0.8359375 0.39361702127659576 0.03125 0.0425531914893617
1 0.8427734375 0.37898936170212766 0.03125 0.0425531914893617
1 0.8544921875 0.36436170212765956 0.03125 0.0425531914893617
1 0.8623046875 0.3470744680851064 0.03125 0.0425531914893617
1 0.796875 0.3351063829787234 0.03125 0.0425531914893617
1 0.478515625 0.5625 0.03125 0.0425531914893617
1 0.466796875 0.5452127659574468 0.03125 0.0425531914893617
1 0.4833984375 0.5930851063829787 0.03125 0.0425531914893617
1 0.466796875 0.648936170212766 0.03125 0.0425531914893617
1 0.400390625 0.6781914893617021 0.03125 0.0425531914893617
1 0.49609375 0.8098404255319149 0.03125 0.0425531914893617
1 0.5166015625 0.7898936170212766 0.03125 0.0425531914893617
1 0.947265625 0.9667553191489362 0.03125 0.0425531914893617
1 0.9267578125 0.9281914893617021 0.03125 0.0425531914893617
1 0.953125 0.8696808510638298 0.03125 0.0425531914893617
1 0.9970703125 0.7726063829787234 0.03125 0.0425531914893617
1 0.869140625 0.788563829787234 0.03125 0.0425531914893617
1 0.7705078125 0.9002659574468085 0.03125 0.0425531914893617
1 0.837890625 0.25398936170212766 0.03125 0.0425531914893617
1 0.8740234375 0.2553191489361702 0.03125 0.0425531914893617
1 0.0234375 0.2699468085106383 0.03125 0.0425531914893617
1 0.0048828125 0.3470744680851064 0.03125 0.0425531914893617
1 0.00390625 0.31648936170212766 0.03125 0.0425531914893617
1 0.0078125 0.36436170212765956 0.03125 0.0425531914893617
1 0.08203125 0.10904255319148937 0.03125 0.0425531914893617
1 0.111328125 0.047872340425531915 0.03125 0.0425531914893617
1 0.1142578125 0.15159574468085107 0.03125 0.0425531914893617
1 0.171875 0.1702127659574468 0.03125 0.0425531914893617
1 0.2197265625 0.10372340425531915 0.03125 0.0425531914893617
1 0.322265625 0.23537234042553193 0.03125 0.0425531914893617
1 0.404296875 0.12101063829787234 0.03125 0.0425531914893617
1 0.4111328125 0.21409574468085107 0.03125 0.0425531914893617
1 0.482421875 0.15824468085106383 0.03125 0.0425531914893617
1 0.41796875 0.05053191489361702 0.03125 0.0425531914893617
1 0.4765625 0.023936170212765957 0.03125 0.0425531914893617
1 0.4111328125 0.05186170212765957 0.03125 0.0425531914893617
1 0.390625 0.009308510638297872 0.03125 0.0425531914893617
1 0.7373046875 0.9534574468085106 0.03125 0.0425531914893617
1 0.75 0.964095744680851 0.03125 0.0425531914893617
1 0.162109375 0.23803191489361702 0.03125 0.0425531914893617
1 0.0419921875 0.2765957446808511 0.03125 0.0425531914893617