0 0.6640625 0.1077127659574468 0.03125 0.0425531914893617
0 0.173828125 0.09175531914893617 0.03125 0.0425531914893617
0 0.044921875 0.027925531914893616 0.03125 0.0425531914893617
0 0.626953125 0.3484042553191489 0.03125 0.0425531914893617
0 0.111328125 0.4095744680851064 0.03125 0.0425531914893617
0 0.4736328125 0.28856382978723405 0.03125 0.0425531914893617
0 0.2744140625 0.5172872340425532 0.03125 0.0425531914893617
0 0.21484375 0.5372340425531915 0.03125 0.0425531914893617
0 0.11328125 0.26861702127659576 0.03125 0.0425531914893617
0 0.392578125 0.2898936170212766 0.03125 0.0425531914893617
0 0.3203125 0.5970744680851063 0.03125 0.0425531914893617
0 0.2470703125 0.6622340425531915 0.03125 0.0425531914893617
0 0.267578125 0.7460106382978723 0.03125 0.0425531914893617
0 0.28125 0.8164893617021277 0.03125 0.0425531914893617
0 0.2978515625 0.9069148936170213 0.03125 0.0425531914893617
0 0.5791015625 0.4867021276595745 0.03125 0.0425531914893617
0 0.595703125 0.9547872340425532 0.03125 0.0425531914893617
0 0.7001953125 0.7526595744680851 0.03125 0.0425531914893617
0 0.703125 0.5704787234042553 0.03125 0.0425531914893617
0 0.791015625 0.5771276595744681 0.03125 0.0425531914893617
0 0.869140625 0.5172872340425532 0.03125 0.0425531914893617
0 0.8955078125 0.9055851063829787 0.03125 0.0425531914893617
0 0.75 0.4228723404255319 0.03125 0.0425531914893617
0 0.63671875 0.3271276595744681 0.03125 0.0425531914893617
0 0.59375 0.3271276595744681 0.03125 0.0425531914893617
0 0.5546875 0.3191489361702128 0.03125 0.0425531914893617
0 0.642578125 0.22340425531914893 0.03125 0.0425531914893617
0 0.744140625 0.1196808510638298 0.03125 0.0425531914893617
0 0.072265625 0.863031914893617 0.03125 0.0425531914893617
0 0.0322265625 0.901595744680851 0.03125 0.0425531914893617
0 0.0751953125 0.7300531914893617 0.03125 0.0425531914893617
1 0.87109375 0.027925531914893616 0.03125 0.0425531914893617
1 0.837890625 0.04920212765957447 0.03125 0.0425531914893617
1 0.87890625 0.0851063829787234 0.03125 0.0425531914893617
1 0.93359375 0.21143617021276595 0.03125 0.0425531914893617
1 0.9140625 0.23138297872340424 0.03125 0.0425531914893617
1 0.9111328125 0.24335106382978725 0.03125 0.0425531914893617
1 0.9599609375 0.2327127659574468 0.03125 0.0425531914893617
1 0.943359375 0.2579787234042553 0.03125 0.0425531914893617
1 0.962890625 0.3191489361702128 0.03125 0.0425531914893617
1 0.955078125 0.3470744680851064 0.03125 0.0425531914893617
1 0.9892578125 0.41356382978723405 0.03125 0.0425531914893617
1 0.9970703125 0.4720744680851064 0.03125 0.0425531914893617
1 0.8671875 0.4800531914893617 0.03125 0.0425531914893617
1 0.802734375 0.4015957446808511 0.03125 0.0425531914893617
1 0.8330078125 0.4574468085106383 0.03125 0.0425531914893617
1 0.8134765625 0.31117021276595747 0.03125 0.0425531914893617
1 0.7529296875 0.3071808510638298 0.03125 0.0425531914893617
1 0.748046875 0.26728723404255317 0.03125 0.0425531914893617
1 0.771484375 0.19680851063829788 0.03125 0.0425531914893617
1 0.7490234375 0.21010638297872342 0.03125 0.0425531914893617
1 0.7314453125 0.12367021276595745 0.03125 0.0425531914893617
1 0.625 0.07446808510638298 0.03125 0.0425531914893617
1 0.6044921875 0.05186170212765957 0.03125 0.0425531914893617
1 0.537109375 0.022606382978723406 0.03125 0.0425531914893617
1 0.5244140625 0.023936170212765957 0.03125 0.0425531914893617
1 0.541015625 0.1502659574468085 0.03125 0.0425531914893617
1 0.5498046875 0.19148936170212766 0.03125 0.0425531914893617
1 0.5927734375 0.2154255319148936 0.03125 0.0425531914893617
1 0.5556640625 0.24202127659574468 0.03125 0.0425531914893617
1 0.5390625 0.2845744680851064 0.03125 0.0425531914893617
1 0.5439453125 0.34441489361702127 0.03125 0.0425531914893617
1 0.6611328125 0.4401595744680851 0.03125 0.0425531914893617
1 0.6875 0.4720744680851064 0.03125 0.0425531914893617
1 0.6142578125 0.4295212765957447 0.03125 0.0425531914893617
1 0.6064453125 0.4428191489361702 0.03125 0.0425531914893617
1 0.58203125 0.4601063829787234 0.03125 0.0425531914893617
1 0.5693359375 0.43617021276595747 0.03125 0.0425531914893617
1 0.5224609375 0.4308510638297872 0.03125 0.0425531914893617
1 0.4912109375 0.17553191489361702 0.03125 0.0425531914893617
1 0.494140625 0.16090425531914893 0.03125 0.0425531914893617
1 0.4072265625 0.22074468085106383 0.03125 0.0425531914893617
1 0.45703125 0.2553191489361702 0.03125 0.0425531914893617
1 0.4853515625 0.3098404255319149 0.03125 0.0425531914893617
1 0.703125 0.6436170212765957 0.03125 0.0425531914893617
1 0.685546875 0.6502659574468085 0.03125 0.0425531914893617
1 0.5908203125 0.648936170212766 0.03125 0.0425531914893617
1 0.5859375 0.660904255319149 0.03125 0.0425531914893617
1 0.5341796875 0.6329787234042553 0.03125 0.0425531914893617
1 0.521484375 0.6555851063829787 0.03125 0.0425531914893617
1 0.5283203125 0.6728723404255319 0.03125 0.0425531914893617
1 0.806640625 0.6090425531914894 0.03125 0.0425531914893617
1 0.8154296875 0.5226063829787234 0.03125 0.0425531914893617
1 0.8876953125 0.5678191489361702 0.03125 0.0425531914893617
1 0.9912109375 0.5611702127659575 0.03125 0.0425531914893617
1 0.9951171875 0.714095744680851 0.03125 0.0425531914893617
1 0.970703125 0.6941489361702128 0.03125 0.0425531914893617
1 0.9697265625 0.7433510638297872 0.03125 0.0425531914893617
1 0.9013671875 0.7420212765957447 0.03125 0.0425531914893617
1 0.86328125 0.7287234042553191 0.03125 0.0425531914893617
1 0.8798828125 0.6675531914893617 0.03125 0.0425531914893617
1 0.83203125 0.6622340425531915 0.03125 0.0425531914893617
1 0.9873046875 0.8949468085106383 0.03125 0.0425531914893617
1 0.986328125 0.7539893617021277 0.03125 0.0425531914893617
1 0.9765625 0.8031914893617021 0.03125 0.0425531914893617
1 0.86328125 0.863031914893617 0.03125 0.0425531914893617
1 0.833984375 0.7845744680851063 0.03125 0.0425531914893617
1 0.912109375 0.9042553191489362 0.03125 0.0425531914893617
1 0.9521484375 0.964095744680851 0.03125 0.0425531914893617
1 0.908203125 0.9933510638297872 0.03125 0.0425531914893617
1 0.8046875 0.9853723404255319 0.03125 0.0425531914893617
1 0.8193359375 0.8962765957446809 0.03125 0.0425531914893617
1 0.775390625 0.8882978723404256 0.03125 0.0425531914893617
1 0.7490234375 0.8962765957446809 0.03125 0.0425531914893617
1 0.7294921875 0.9361702127659575 0.03125 0.0425531914893617
1 0.564453125 0.9960106382978723 0.03125 0.0425531914893617
1 0.5419921875 0.9747340425531915 0.03125 0.0425531914893617
1 0.5751953125 0.9055851063829787 0.03125 0.0425531914893617
1 0.50390625 0.9295212765957447 0.03125 0.0425531914893617
1 0.603515625 0.8204787234042553 0.03125 0.0425531914893617
1 0.642578125 0.8231382978723404 0.03125 0.0425531914893617
1 0.7001953125 0.8058510638297872 0.03125 0.0425531914893617
1 0.7197265625 0.7938829787234043 0.03125 0.0425531914893617
1 0.5126953125 0.7513297872340425 0.03125 0.0425531914893617
1 0.4873046875 0.714095744680851 0.03125 0.0425531914893617
1 0.501953125 0.6808510638297872 0.03125 0.0425531914893617
1 0.412109375 0.7247340425531915 0.03125 0.0425531914893617
1 0.408203125 0.6861702127659575 0.03125 0.0425531914893617
1 0.421875 0.8377659574468085 0.03125 0.0425531914893617
1 0.3916015625 0.8550531914893617 0.03125 0.0425531914893617
1 0.3720703125 0.8736702127659575 0.03125 0.0425531914893617
1 0.3837890625 0.8936170212765957 0.03125 0.0425531914893617
1 0.3623046875 0.8178191489361702 0.03125 0.0425531914893617
1 0.3173828125 0.8856382978723404 0.03125 0.0425531914893617
1 0.314453125 0.7792553191489362 0.03125 0.0425531914893617
1 0.294921875 0.7593085106382979 0.03125 0.0425531914893617
1 0.2978515625 0.7167553191489362 0.03125 0.0425531914893617
1 0.3125 0.699468085106383 0.03125 0.0425531914893617
1 0.3662109375 0.6888297872340425 0.03125 0.0425531914893617
1 0.35546875 0.6103723404255319 0.03125 0.0425531914893617
1 0.345703125 0.6037234042553191 0.03125 0.0425531914893617
1 0.3251953125 0.6063829787234043 0.03125 0.0425531914893617
1 0.380859375 0.5664893617021277 0.03125 0.0425531914893617
1 0.38671875 0.5345744680851063 0.03125 0.0425531914893617
1 0.4140625 0.5691489361702128 0.03125 0.0425531914893617
1 0.4111328125 0.5837765957446809 0.03125 0.0425531914893617
1 0.40234375 0.4574468085106383 0.03125 0.0425531914893617
1 0.01171875 0.9946808510638298 0.03125 0.0425531914893617
1 0.0078125 0.9547872340425532 0.03125 0.0425531914893617
1 0.1181640625 0.9906914893617021 0.03125 0.0425531914893617
1 0.1787109375 0.9920212765957447 0.03125 0.0425531914893617
1 0.189453125 0.925531914893617 0.03125 0.0425531914893617
1 0.158203125 0.8789893617021277 0.03125 0.0425531914893617
1 0.13671875 0.875 0.03125 0.0425531914893617
1 0.2646484375 0.9574468085106383 0.03125 0.0425531914893617
1 0.0751953125 0.9122340425531915 0.03125 0.0425531914893617
1 0.037109375 0.9029255319148937 0.03125 0.0425531914893617
1 0.0126953125 0.8776595744680851 0.03125 0.0425531914893617
1 0.05859375 0.8111702127659575 0.03125 0.0425531914893617
1 0.111328125 0.8311170212765957 0.03125 0.0425531914893617
1 0.171875 0.7393617021276596 0.03125 0.0425531914893617
1 0.1220703125 0.7300531914893617 0.03125 0.0425531914893617
1 0.095703125 0.7486702127659575 0.03125 0.0425531914893617
1 0.0927734375 0.6502659574468085 0.03125 0.0425531914893617
1 0.0888671875 0.6396276595744681 0.03125 0.0425531914893617
1 0.1005859375 0.6396276595744681 0.03125 0.0425531914893617
1 0.0869140625 0.613031914893617 0.03125 0.0425531914893617
1 0.041015625 0.5797872340425532 0.03125 0.0425531914893617
1 0.0068359375 0.6595744680851063 0.03125 0.0425531914893617
1 0.1611328125 0.675531914893617 0.03125 0.0425531914893617
1 0.171875 0.6569148936170213 0.03125 0.0425531914893617
1 0.1875 0.6502659574468085 0.03125 0.0425531914893617
1 0.2529296875 0.7207446808510638 0.03125 0.0425531914893617
1 0.2509765625 0.6861702127659575 0.03125 0.0425531914893617
1 0.2666015625 0.6888297872340425 0.03125 0.0425531914893617
1 0.263671875 0.7566489361702128 0.03125 0.0425531914893617
1 0.220703125 0.8098404255319149 0.03125 0.0425531914893617
1 0.23828125 0.8351063829787234 0.03125 0.0425531914893617
1 0.279296875 0.8058510638297872 0.03125 0.0425531914893617
1 0.32421875 0.005319148936170213 0.03125 0.0425531914893617
1 0.298828125 0.009308510638297872 0.03125 0.0425531914893617
1 0.32421875 0.05186170212765957 0.03125 0.0425531914893617
1 0.302734375 0.05319148936170213 0.03125 0.0425531914893617
1 0.390625 0.02925531914893617 0.03125 0.0425531914893617
1 0.2841796875 0.04521276595744681 0.03125 0.0425531914893617
1 0.25 0.011968085106382979 0.03125 0.0425531914893617
1 0.2314453125 0.0851063829787234 0.03125 0.0425531914893617
1 0.2392578125 0.12632978723404256 0.03125 0.0425531914893617
1 0.1650390625 0.09973404255319149 0.03125 0.0425531914893617
1 0.1005859375 0.07579787234042554 0.03125 0.0425531914893617
1 0.091796875 0.08244680851063829 0.03125 0.0425531914893617
1 0.00390625 0.13297872340425532 0.03125 0.0425531914893617
1 0.1123046875 0.1981382978723404 0.03125 0.0425531914893617
1 0.16015625 0.2220744680851064 0.03125 0.0425531914893617
1 0.16796875 0.2752659574468085 0.03125 0.0425531914893617
1 0.2197265625 0.24335106382978725 0.03125 0.0425531914893617
1 0.2275390625 0.19680851063829788 0.03125 0.0425531914893617
1 0.265625 0.2127659574468085 0.03125 0.0425531914893617
1 0.3349609375 0.25398936170212766 0.03125 0.0425531914893617
1 0.3271484375 0.2646276595744681 0.03125 0.0425531914893617
1 0.4033203125 0.2646276595744681 0.03125 0.0425531914893617
1 0.3671875 0.2898936170212766 0.03125 0.0425531914893617
1 0.326171875 0.3125 0.03125 0.0425531914893617
1 0.2802734375 0.3125 0.03125 0.0425531914893617
1 0.2666015625 0.3058510638297872 0.03125 0.0425531914893617
1 0.2109375 0.3058510638297872 0.03125 0.0425531914893617
1 0.2294921875 0.35771276595744683 0.03125 0.0425531914893617
1 0.2451171875 0.3670212765957447 0.03125 0.0425531914893617
1 0.2080078125 0.4401595744680851 0.03125 0.0425531914893617
1 0.1005859375 0.3696808510638298 0.03125 0.0425531914893617
1 0.041015625 0.37632978723404253 0.03125 0.0425531914893617
1 0.046875 0.30186170212765956 0.03125 0.0425531914893617
1 0.017578125 0.4321808510638298 0.03125 0.0425531914893617
1 0.2861328125 0.44680851063829785 0.03125 0.0425531914893617
1 0.5439453125 0.40558510638297873 0.03125 0.0425531914893617
1 0.0771484375 0.15425531914893617 0.03125 0.0425531914893617