0 0.583984375 0.5132978723404256 0.03125 0.0425531914893617
0 0.470703125 0.4627659574468085 0.03125 0.0425531914893617
0 0.2392578125 0.4308510638297872 0.03125 0.0425531914893617
0 0.1376953125 0.08244680851063829 0.03125 0.0425531914893617
0 0.052734375 0.12367021276595745 0.03125 0.0425531914893617
0 0.615234375 0.8377659574468085 0.03125 0.0425531914893617
0 0.646484375 0.973404255319149 0.03125 0.0425531914893617
0 0.818359375 0.8204787234042553 0.03125 0.0425531914893617
0 0.96484375 0.613031914893617 0.03125 0.0425531914893617
0 0.5625 0.44813829787234044 0.03125 0.0425531914893617
0 0.537109375 0.37367021276595747 0.03125 0.0425531914893617
0 0.689453125 0.45345744680851063 0.03125 0.0425531914893617
0 0.7421875 0.34308510638297873 0.03125 0.0425531914893617
0 0.73828125 0.4015957446808511 0.03125 0.0425531914893617
0 0.8017578125 0.3683510638297872 0.03125 0.0425531914893617
0 0.85546875 0.35771276595744683 0.03125 0.0425531914893617
0 0.953125 0.21941489361702127 0.03125 0.0425531914893617
0 0.90234375 0.09574468085106383 0.03125 0.0425531914893617
0 0.80859375 0.031914893617021274 0.03125 0.0425531914893617
0 0.6103515625 0.02127659574468085 0.03125 0.0425531914893617
0 0.62890625 0.449468085106383 0.03125 0.0425531914893617
0 0.873046875 0.22340425531914893 0.03125 0.0425531914893617
0 0.876953125 0.19946808510638298 0.03125 0.0425531914893617
0 0.4921875 0.9202127659574468 0.03125 0.0425531914893617
0 0.4033203125 0.6396276595744681 0.03125 0.0425531914893617
0 0.994140625 0.7247340425531915 0.03125 0.0425531914893617
0 0.021484375 0.5345744680851063 0.03125 0.0425531914893617
0 0.2900390625 0.7340425531914894 0.03125 0.0425531914893617
0 0.400390625 0.6981382978723404 0.03125 0.0425531914893617
0 0.3134765625 0.976063829787234 0.03125 0.0425531914893617
0 0.1455078125 0.8670212765957447 0.03125 0.0425531914893617
1 0.859375 0.13829787234042554 0.03125 0.0425531914893617
1 0.8486328125 0.1422872340425532 0.03125 0.0425531914893617
1 0.841796875 0.13031914893617022 0.03125 0.0425531914893617
1 0.80078125 0.09308510638297872 0.03125 0.0425531914893617
1 0.80078125 0.026595744680851064 0.03125 0.0425531914893617
1 0.8369140625 0.027925531914893616 0.03125 0.0425531914893617
1 0.9228515625 0.013297872340425532 0.03125 0.0425531914893617
1 0.943359375 0.05585106382978723 0.03125 0.0425531914893617
1 0.9638671875 0.041223404255319146 0.03125 0.0425531914893617
1 0.9150390625 0.08244680851063829 0.03125 0.0425531914893617
1 0.9541015625 0.11170212765957446 0.03125 0.0425531914893617
1 0.982421875 0.14627659574468085 0.03125 0.0425531914893617
1 0.9658203125 0.1981382978723404 0.03125 0.0425531914893617
1 0.9130859375 0.15824468085106383 0.03125 0.0425531914893617
1 0.845703125 0.20611702127659576 0.03125 0.0425531914893617
1 0.8291015625 0.21143617021276595 0.03125 0.0425531914893617
1 0.8017578125 0.2393617021276596 0.03125 0.0425531914893617
1 0.7890625 0.18085106382978725 0.03125 0.0425531914893617
1 0.7724609375 0.1702127659574468 0.03125 0.0425531914893617
1 0.7724609375 0.13962765957446807 0.03125 0.0425531914893617
1 0.75390625 0.15691489361702127 0.03125 0.0425531914893617
1 0.7001953125 0.17952127659574468 0.03125 0.0425531914893617
1 0.671875 0.2074468085106383 0.03125 0.0425531914893617
1 0.66796875 0.0425531914893617 0.03125 0.0425531914893617
1 0.6376953125 0.047872340425531915 0.03125 0.0425531914893617
1 0.548828125 0.0398936170212766 0.03125 0.0425531914893617
1 0.6162109375 0.2047872340425532 0.03125 0.0425531914893617
1 0.6845703125 0.2632978723404255 0.03125 0.0425531914893617
1 0.6748046875 0.2752659574468085 0.03125 0.0425531914893617
1 0.693359375 0.2898936170212766 0.03125 0.0425531914893617
1 0.71484375 0.27393617021276595 0.03125 0.0425531914893617
1 0.7109375 0.24601063829787234 0.03125 0.0425531914893617
1 0.828125 0.30186170212765956 0.03125 0.0425531914893617
1 0.8525390625 0.30186170212765956 0.03125 0.0425531914893617
1 0.8798828125 0.2912234042553192 0.03125 0.0425531914893617
1 0.99609375 0.32313829787234044 0.03125 0.0425531914893617
1 0.99609375 0.35638297872340424 0.03125 0.0425531914893617
1 0.9736328125 0.3337765957446808 0.03125 0.0425531914893617
1 0.94921875 0.46143617021276595 0.03125 0.0425531914893617
1 0.9931640625 0.4853723404255319 0.03125 0.0425531914893617
1 0.908203125 0.4654255319148936 0.03125 0.0425531914893617
1 0.861328125 0.4574468085106383 0.03125 0.0425531914893617
1 0.8203125 0.4574468085106383 0.03125 0.0425531914893617
1 0.8203125 0.4853723404255319 0.03125 0.0425531914893617
1 0.7734375 0.41356382978723405 0.03125 0.0425531914893617
1 0.703125 0.38430851063829785 0.03125 0.0425531914893617
1 0.701171875 0.3962765957446808 0.03125 0.0425531914893617
1 0.654296875 0.3497340425531915 0.03125 0.0425531914893617
1 0.6474609375 0.3390957446808511 0.03125 0.0425531914893617
1 0.6318359375 0.34441489361702127 0.03125 0.0425531914893617
1 0.7041015625 0.4920212765957447 0.03125 0.0425531914893617
1 0.7177734375 0.4321808510638298 0.03125 0.0425531914893617
1 0.5771484375 0.4095744680851064 0.03125 0.0425531914893617
1 0.5537109375 0.3803191489361702 0.03125 0.0425531914893617
1 0.5712890625 0.4454787234042553 0.03125 0.0425531914893617
1 0.5986328125 0.4401595744680851 0.03125 0.0425531914893617
1 0.53515625 0.4800531914893617 0.03125 0.0425531914893617
1 0.525390625 0.4973404255319149 0.03125 0.0425531914893617
1 0.5068359375 0.5146276595744681 0.03125 0.0425531914893617
1 0.5322265625 0.526595744680851 0.03125 0.0425531914893617
1 0.5703125 0.5226063829787234 0.03125 0.0425531914893617
1 0.623046875 0.5904255319148937 0.03125 0.0425531914893617
1 0.5107421875 0.6090425531914894 0.03125 0.0425531914893617
1 0.5673828125 0.651595744680851 0.03125 0.0425531914893617
1 0.71875 0.5811170212765957 0.03125 0.0425531914893617
1 0.7119140625 0.6289893617021277 0.03125 0.0425531914893617
1 0.62109375 0.7300531914893617 0.03125 0.0425531914893617
1 0.6962890625 0.7353723404255319 0.03125 0.0425531914893617
1 0.732421875 0.6303191489361702 0.03125 0.0425531914893617
1 0.7783203125 0.586436170212766 0.03125 0.0425531914893617
1 0.80859375 0.574468085106383 0.03125 0.0425531914893617
1 0.76953125 0.5518617021276596 0.03125 0.0425531914893617
1 0.8671875 0.5664893617021277 0.03125 0.0425531914893617
1 0.818359375 0.6555851063829787 0.03125 0.0425531914893617
1 0.826171875 0.6662234042553191 0.03125 0.0425531914893617
1 0.857421875 0.6662234042553191 0.03125 0.0425531914893617
1 0.88671875 0.6396276595744681 0.03125 0.0425531914893617
1 0.919921875 0.6063829787234043 0.03125 0.0425531914893617
1 0.9951171875 0.613031914893617 0.03125 0.0425531914893617
1 0.96875 0.6888297872340425 0.03125 0.0425531914893617
1 0.953125 0.7087765957446809 0.03125 0.0425531914893617
1 0.9384765625 0.7287234042553191 0.03125 0.0425531914893617
1 0.46875 0.08111702127659574 0.03125 0.0425531914893617
1 0.470703125 0.007978723404255319 0.03125 0.0425531914893617
1 0.4189453125 0.03856382978723404 0.03125 0.0425531914893617
1 0.451171875 0.06382978723404255 0.03125 0.0425531914893617
1 0.4443359375 0.1276595744680851 0.03125 0.0425531914893617
1 0.4306640625 0.13962765957446807 0.03125 0.0425531914893617
1 0.453125 0.1875 0.03125 0.0425531914893617
1 0.474609375 0.17420212765957446 0.03125 0.0425531914893617
1 0.4833984375 0.19946808510638298 0.03125 0.0425531914893617
1 0.490234375 0.18351063829787234 0.03125 0.0425531914893617
1 0.4423828125 0.1768617021276596 0.03125 0.0425531914893617
1 0.419921875 0.261968085106383 0.03125 0.0425531914893617
1 0.38671875 0.2752659574468085 0.03125 0.0425531914893617
1 0.359375 0.26595744680851063 0.03125 0.0425531914893617
1 0.375 0.18351063829787234 0.03125 0.0425531914893617
1 0.396484375 0.19414893617021275 0.03125 0.0425531914893617
1 0.3212890625 0.1981382978723404 0.03125 0.0425531914893617
1 0.2607421875 0.1502659574468085 0.03125 0.0425531914893617
1 0.251953125 0.2473404255319149 0.03125 0.0425531914893617
1 0.4287109375 0.2859042553191489 0.03125 0.0425531914893617
1 0.4443359375 0.3257978723404255 0.03125 0.0425531914893617
1 0.48828125 0.34441489361702127 0.03125 0.0425531914893617
1 0.47265625 0.4228723404255319 0.03125 0.0425531914893617
1 0.44921875 0.3976063829787234 0.03125 0.0425531914893617
1 0.44921875 0.3829787234042553 0.03125 0.0425531914893617
1 0.4580078125 0.4747340425531915 0.03125 0.0425531914893617
1 0.435546875 0.5132978723404256 0.03125 0.0425531914893617
1 0.388671875 0.4428191489361702 0.03125 0.0425531914893617
1 0.3544921875 0.4175531914893617 0.03125 0.0425531914893617
1 0.341796875 0.42686170212765956 0.03125 0.0425531914893617
1 0.37109375 0.3537234042553192 0.03125 0.0425531914893617
1 0.3115234375 0.4747340425531915 0.03125 0.0425531914893617
1 0.294921875 0.4175531914893617 0.03125 0.0425531914893617
1 0.271484375 0.4441489361702128 0.03125 0.0425531914893617
1 0.470703125 0.6037234042553191 0.03125 0.0425531914893617
1 0.451171875 0.6476063829787234 0.03125 0.0425531914893617
1 0.43359375 0.7207446808510638 0.03125 0.0425531914893617
1 0.4580078125 0.7353723404255319 0.03125 0.0425531914893617
1 0.39453125 0.7300531914893617 0.03125 0.0425531914893617
1 0.384765625 0.7287234042553191 0.03125 0.0425531914893617
1 0.4384765625 0.8071808510638298 0.03125 0.0425531914893617
1 0.482421875 0.851063829787234 0.03125 0.0425531914893617
1 0.478515625 0.8563829787234043 0.03125 0.0425531914893617
1 0.4775390625 0.886968085106383 0.03125 0.0425531914893617
1 0.455078125 0.9747340425531915 0.03125 0.0425531914893617
1 0.400390625 0.961436170212766 0.03125 0.0425531914893617
1 0.3984375 0.8683510638297872 0.03125 0.0425531914893617
1 0.3798828125 0.8045212765957447 0.03125 0.0425531914893617
1 0.326171875 0.8444148936170213 0.03125 0.0425531914893617
1 0.3310546875 0.7300531914893617 0.03125 0.0425531914893617
1 0.3046875 0.7313829787234043 0.03125 0.0425531914893617
1 0.2861328125 0.6941489361702128 0.03125 0.0425531914893617
1 0.259765625 0.7021276595744681 0.03125 0.0425531914893617
1 0.2080078125 0.6622340425531915 0.03125 0.0425531914893617
1 0.158203125 0.6821808510638298 0.03125 0.0425531914893617
1 0.109375 0.6728723404255319 0.03125 0.0425531914893617
1 0.0517578125 0.6622340425531915 0.03125 0.0425531914893617
1 0.0205078125 0.6622340425531915 0.03125 0.0425531914893617
1 0.017578125 0.6117021276595744 0.03125 0.0425531914893617
1 0.12109375 0.601063829787234 0.03125 0.0425531914893617
1 0.0517578125 0.5172872340425532 0.03125 0.0425531914893617
1 0.052734375 0.4933510638297872 0.03125 0.0425531914893617
1 0.228515625 0.586436170212766 0.03125 0.0425531914893617
1 0.255859375 0.5412234042553191 0.03125 0.0425531914893617
1 0.24609375 0.5252659574468085 0.03125 0.0425531914893617
1 0.38671875 0.5518617021276596 0.03125 0.0425531914893617
1 0.373046875 0.574468085106383 0.03125 0.0425531914893617
1 0.3359375 0.5704787234042553 0.03125 0.0425531914893617
1 0.310546875 0.5824468085106383 0.03125 0.0425531914893617
1 0.3408203125 0.6303191489361702 0.03125 0.0425531914893617
1 0.2021484375 0.7925531914893617 0.03125 0.0425531914893617
1 0.1123046875 0.7433510638297872 0.03125 0.0425531914893617
1 0.1220703125 0.788563829787234 0.03125 0.0425531914893617
1 0.1298828125 0.788563829787234 0.03125 0.0425531914893617
1 0.1025390625 0.7726063829787234 0.03125 0.0425531914893617
1 0.080078125 0.7792553191489362 0.03125 0.0425531914893617
1 0.0224609375 0.8071808510638298 0.03125 0.0425531914893617
1 0.0048828125 0.7579787234042553 0.03125 0.0425531914893617
1 0.01953125 0.8271276595744681 0.03125 0.0425531914893617
1 0.06640625 0.8816489361702128 0.03125 0.0425531914893617
1 0.0732421875 0.9787234042553191 0.03125 0.0425531914893617
1 0.0947265625 0.9414893617021277 0.03125 0.0425531914893617
1 0.1025390625 0.9441489361702128 0.03125 0.0425531914893617
1 0.140625 0.9162234042553191 0.03125 0.0425531914893617
1 0.2265625 0.9188829787234043 0.03125 0.0425531914893617
1 0.23828125 0.9414893617021277 0.03125 0.0425531914893617
1 0.2353515625 0.9507978723404256 0.03125 0.0425531914893617
1 0.22265625 0.9787234042553191 0.03125 0.0425531914893617
1 0.2333984375 0.9867021276595744 0.03125 0.0425531914893617
1 0.3408203125 0.9827127659574468 0.03125 0.0425531914893617
1 0.626953125 0.9162234042553191 0.03125 0.0425531914893617
1 0.623046875 0.8670212765957447 0.03125 0.0425531914893617
1 0.583984375 0.7646276595744681 0.03125 0.0425531914893617
1 0.5517578125 0.7593085106382979 0.03125 0.0425531914893617
1 0.984375 0.9933510638297872 0.03125 0.0425531914893617
1 0.998046875 0.9361702127659575 0.03125 0.0425531914893617
1 0.921875 0.898936170212766 0.03125 0.0425531914893617
1 0.86328125 0.8151595744680851 0.03125 0.0425531914893617
1 0.8525390625 0.8231382978723404 0.03125 0.0425531914893617
1 0.8125 0.7513297872340425 0.03125 0.0425531914893617
1 0.775390625 0.7792553191489362 0.03125 0.0425531914893617
1 0.7890625 0.9242021276595744 0.03125 0.0425531914893617
1 0.23828125 0.05851063829787234 0.03125 0.0425531914893617
1 0.2255859375 0.061170212765957445 0.03125 0.0425531914893617
1 0.2109375 0.02526595744680851 0.03125 0.0425531914893617
1 0.2041015625 0.034574468085106384 0.03125 0.0425531914893617
1 0.15234375 0.07180851063829788 0.03125 0.0425531914893617
1 0.19921875 0.11702127659574468 0.03125 0.0425531914893617
1 0.224609375 0.20079787234042554 0.03125 0.0425531914893617
1 0.201171875 0.25398936170212766 0.03125 0.0425531914893617
1 0.2001953125 0.21941489361702127 0.03125 0.0425531914893617
1 0.17578125 0.21675531914893617 0.03125 0.0425531914893617
1 0.1025390625 0.26063829787234044 0.03125 0.0425531914893617
1 0.0908203125 0.28058510638297873 0.03125 0.0425531914893617
1 0.0751953125 0.26728723404255317 0.03125 0.0425531914893617
1 0.0341796875 0.2925531914893617 0.03125 0.0425531914893617
1 0.013671875 0.37101063829787234 0.03125 0.0425531914893617
1 0.0205078125 0.42819148936170215 0.03125 0.0425531914893617
1 0.0390625 0.3896276595744681 0.03125 0.0425531914893617
1 0.0576171875 0.43351063829787234 0.03125 0.0425531914893617
1 0.107421875 0.449468085106383 0.03125 0.0425531914893617
1 0.12109375 0.425531914893617 0.03125 0.0425531914893617
1 0.154296875 0.43351063829787234 0.03125 0.0425531914893617
1 0.201171875 0.44680851063829785 0.03125 0.0425531914893617
1 0.2216796875 0.36436170212765956 0.03125 0.0425531914893617
1 0.2314453125 0.33643617021276595 0.03125 0.0425531914893617
1 0.2138671875 0.3204787234042553 0.03125 0.0425531914893617
1 0.716796875 0.8789893617021277 0.03125 0.0425531914893617
1 0.154296875 0.24202127659574468 0.03125 0.0425531914893617