0 0.65625 0.601063829787234 0.03125 0.0425531914893617
0 0.171875 0.5718085106382979 0.03125 0.0425531914893617
0 0.9931640625 0.6117021276595744 0.03125 0.0425531914893617
0 0.9921875 0.7154255319148937 0.03125 0.0425531914893617
0 0.916015625 0.9215425531914894 0.03125 0.0425531914893617
0 0.8095703125 0.42021276595744683 0.03125 0.0425531914893617
0 0.76953125 0.0425531914893617 0.03125 0.0425531914893617
0 0.8525390625 0.5917553191489362 0.03125 0.0425531914893617
0 0.8720703125 0.7047872340425532 0.03125 0.0425531914893617
0 0.228515625 0.7712765957446809 0.03125 0.0425531914893617
0 0.7509765625 0.2579787234042553 0.03125 0.0425531914893617
0 0.623046875 0.18617021276595744 0.03125 0.0425531914893617
0 0.53125 0.4095744680851064 0.03125 0.0425531914893617
0 0.4892578125 0.11303191489361702 0.03125 0.0425531914893617
0 0.2041015625 0.04920212765957447 0.03125 0.0425531914893617
0 0.5986328125 0.3045212765957447 0.03125 0.0425531914893617
0 0.9580078125 0.3882978723404255 0.03125 0.0425531914893617
0 0.513671875 0.8909574468085106 0.03125 0.0425531914893617
0 0.4609375 0.8191489361702128 0.03125 0.0425531914893617
0 0.490234375 0.7526595744680851 0.03125 0.0425531914893617
0 0.3095703125 0.8164893617021277 0.03125 0.0425531914893617
0 0.12109375 0.44680851063829785 0.03125 0.0425531914893617
0 0.1923828125 0.3962765957446808 0.03125 0.0425531914893617
0 0.328125 0.25 0.03125 0.0425531914893617
0 0.3984375 0.07180851063829788 0.03125 0.0425531914893617
0 0.47265625 0.39095744680851063 0.03125 0.0425531914893617
0 0.3720703125 0.5904255319148937 0.03125 0.0425531914893617
0 0.2001953125 0.9441489361702128 0.03125 0.0425531914893617
0 0.03125 0.9840425531914894 0.03125 0.0425531914893617
1 0.9443359375 0.017287234042553192 0.03125 0.0425531914893617
1 0.9375 0.0678191489361702 0.03125 0.0425531914893617
1 0.958984375 0.125 0.03125 0.0425531914893617
1 0.876953125 0.1276595744680851 0.03125 0.0425531914893617
1 0.8955078125 0.26728723404255317 0.03125 0.0425531914893617
1 0.88671875 0.26728723404255317 0.03125 0.0425531914893617
1 0.96484375 0.3045212765957447 0.03125 0.0425531914893617
1 0.953125 0.30319148936170215 0.03125 0.0425531914893617
1 0.9404296875 0.35106382978723405 0.03125 0.0425531914893617
1 0.955078125 0.42154255319148937 0.03125 0.0425531914893617
1 0.958984375 0.4933510638297872 0.03125 0.0425531914893617
1 0.8896484375 0.425531914893617 0.03125 0.0425531914893617
1 0.8115234375 0.35106382978723405 0.03125 0.0425531914893617
1 0.7451171875 0.32313829787234044 0.03125 0.0425531914893617
1 0.83203125 0.19946808510638298 0.03125 0.0425531914893617
1 0.84765625 0.24468085106382978 0.03125 0.0425531914893617
1 0.6748046875 0.17287234042553193 0.03125 0.0425531914893617
1 0.6591796875 0.1595744680851064 0.03125 0.0425531914893617
1 0.7197265625 0.08377659574468085 0.03125 0.0425531914893617
1 0.7119140625 0.08377659574468085 0.03125 0.0425531914893617
1 0.611328125 0.13430851063829788 0.03125 0.0425531914893617
1 0.6015625 0.13297872340425532 0.03125 0.0425531914893617
1 0.5517578125 0.14095744680851063 0.03125 0.0425531914893617
1 0.515625 0.16888297872340424 0.03125 0.0425531914893617
1 0.5166015625 0.034574468085106384 0.03125 0.0425531914893617
1 0.5 0.015957446808510637 0.03125 0.0425531914893617
1 0.4853515625 0.03856382978723404 0.03125 0.0425531914893617
1 0.615234375 0.23138297872340424 0.03125 0.0425531914893617
1 0.6455078125 0.22606382978723405 0.03125 0.0425531914893617
1 0.705078125 0.425531914893617 0.03125 0.0425531914893617
1 0.6611328125 0.38563829787234044 0.03125 0.0425531914893617
1 0.6376953125 0.3803191489361702 0.03125 0.0425531914893617
1 0.591796875 0.42154255319148937 0.03125 0.0425531914893617
1 0.5751953125 0.46808510638297873 0.03125 0.0425531914893617
1 0.5625 0.46675531914893614 0.03125 0.0425531914893617
1 0.5146484375 0.4946808510638298 0.03125 0.0425531914893617
1 0.533203125 0.3829787234042553 0.03125 0.0425531914893617
1 0.5185546875 0.36436170212765956 0.03125 0.0425531914893617
1 0.5625 0.33643617021276595 0.03125 0.0425531914893617
1 0.748046875 0.48138297872340424 0.03125 0.0425531914893617
1 0.7568359375 0.5332446808510638 0.03125 0.0425531914893617
1 0.7900390625 0.5345744680851063 0.03125 0.0425531914893617
1 0.7841796875 0.6103723404255319 0.03125 0.0425531914893617
1 0.796875 0.6356382978723404 0.03125 0.0425531914893617
1 0.857421875 0.550531914893617 0.03125 0.0425531914893617
1 0.873046875 0.6077127659574468 0.03125 0.0425531914893617
1 0.921875 0.6236702127659575 0.03125 0.0425531914893617
1 0.5322265625 0.6023936170212766 0.03125 0.0425531914893617
1 0.6611328125 0.6263297872340425 0.03125 0.0425531914893617
1 0.677734375 0.711436170212766 0.03125 0.0425531914893617
1 0.7041015625 0.6742021276595744 0.03125 0.0425531914893617
1 0.7041015625 0.6329787234042553 0.03125 0.0425531914893617
1 0.9833984375 0.8537234042553191 0.03125 0.0425531914893617
1 0.951171875 0.8457446808510638 0.03125 0.0425531914893617
1 0.9423828125 0.8789893617021277 0.03125 0.0425531914893617
1 0.8994140625 0.8178191489361702 0.03125 0.0425531914893617
1 0.9375 0.9122340425531915 0.03125 0.0425531914893617
1 0.923828125 0.8843085106382979 0.03125 0.0425531914893617
1 0.8134765625 0.8430851063829787 0.03125 0.0425531914893617
1 0.794921875 0.8430851063829787 0.03125 0.0425531914893617
1 0.8935546875 0.9960106382978723 0.03125 0.0425531914893617
1 0.4521484375 0.9800531914893617 0.03125 0.0425531914893617
1 0.431640625 0.8683510638297872 0.03125 0.0425531914893617
1 0.4345703125 0.8457446808510638 0.03125 0.0425531914893617
1 0.412109375 0.8617021276595744 0.03125 0.0425531914893617
1 0.0078125 0.9547872340425532 0.03125 0.0425531914893617
1 0.04296875 0.9667553191489362 0.03125 0.0425531914893617
1 0.0244140625 0.9960106382978723 0.03125 0.0425531914893617
1 0.0595703125 0.9840425531914894 0.03125 0.0425531914893617
1 0.1591796875 0.8670212765957447 0.03125 0.0425531914893617
1 0.1953125 0.8018617021276596 0.03125 0.0425531914893617
1 0.1474609375 0.7965425531914894 0.03125 0.0425531914893617
1 0.1103515625 0.7992021276595744 0.03125 0.0425531914893617
1 0.2978515625 0.9122340425531915 0.03125 0.0425531914893617
1 0.3134765625 0.9428191489361702 0.03125 0.0425531914893617
1 0.3173828125 0.8497340425531915 0.03125 0.0425531914893617
1 0.35546875 0.8670212765957447 0.03125 0.0425531914893617
1 0.3642578125 0.8856382978723404 0.03125 0.0425531914893617
1 0.1787109375 0.30851063829787234 0.03125 0.0425531914893617
1 0.162109375 0.3351063829787234 0.03125 0.0425531914893617
1 0.166015625 0.3058510638297872 0.03125 0.0425531914893617
1 0.1572265625 0.2845744680851064 0.03125 0.0425531914893617
1 0.1455078125 0.2712765957446808 0.03125 0.0425531914893617
1 0.15234375 0.2632978723404255 0.03125 0.0425531914893617
1 0.0029296875 0.1848404255319149 0.03125 0.0425531914893617
1 0.2265625 0.007978723404255319 0.03125 0.0425531914893617
1 0.3076171875 0.2752659574468085 0.03125 0.0425531914893617
1 0.1865234375 0.3882978723404255 0.03125 0.0425531914893617
1 0.81640625 0.9827127659574468 0.03125 0.0425531914893617
1 0.4619140625 0.9920212765957447 0.03125 0.0425531914893617
1 0.7216796875 0.7686170212765957 0.03125 0.0425531914893617
1 0.701171875 0.7992021276595744 0.03125 0.0425531914893617
1 0.6748046875 0.8351063829787234 0.03125 0.0425531914893617
1 0.6728515625 0.7539893617021277 0.03125 0.0425531914893617
1 0.7421875 0.663563829787234 0.03125 0.0425531914893617
1 0.8251953125 0.648936170212766 0.03125 0.0425531914893617
1 0.83984375 0.6875 0.03125 0.0425531914893617
1 0.607421875 0.8071808510638298 0.03125 0.0425531914893617
1 0.587890625 0.7912234042553191 0.03125 0.0425531914893617
1 0.537109375 0.7047872340425532 0.03125 0.0425531914893617
1 0.591796875 0.8257978723404256 0.03125 0.0425531914893617
1 0.6201171875 0.8337765957446809 0.03125 0.0425531914893617
1 0.5068359375 0.8736702127659575 0.03125 0.0425531914893617
1 0.59765625 0.9920212765957447 0.03125 0.0425531914893617
1 0.6171875 0.9827127659574468 0.03125 0.0425531914893617
1 0.6484375 0.988031914893617 0.03125 0.0425531914893617
1 0.7216796875 0.9853723404255319 0.03125 0.0425531914893617
1 0.724609375 0.9507978723404256 0.03125 0.0425531914893617
1 0.18359375 0.9601063829787234 0.03125 0.0425531914893617
1 0.37890625 0.7726063829787234 0.03125 0.0425531914893617
1 0.453125 0.738031914893617 0.03125 0.0425531914893617
1 0.26953125 0.699468085106383 0.03125 0.0425531914893617
1 0.2900390625 0.6688829787234043 0.03125 0.0425531914893617
1 0.3046875 0.6675531914893617 0.03125 0.0425531914893617
1 0.3271484375 0.648936170212766 0.03125 0.0425531914893617
1 0.4921875 0.7180851063829787 0.03125 0.0425531914893617
1 0.369140625 0.6196808510638298 0.03125 0.0425531914893617
1 0.3623046875 0.5904255319148937 0.03125 0.0425531914893617
1 0.392578125 0.5757978723404256 0.03125 0.0425531914893617
1 0.404296875 0.523936170212766 0.03125 0.0425531914893617
1 0.4228515625 0.5731382978723404 0.03125 0.0425531914893617
1 0.21875 0.5997340425531915 0.03125 0.0425531914893617
1 0.212890625 0.574468085106383 0.03125 0.0425531914893617
1 0.2451171875 0.5159574468085106 0.03125 0.0425531914893617
1 0.2705078125 0.5904255319148937 0.03125 0.0425531914893617
1 0.16015625 0.5718085106382979 0.03125 0.0425531914893617
1 0.1845703125 0.6542553191489362 0.03125 0.0425531914893617
1 0.1484375 0.6768617021276596 0.03125 0.0425531914893617
1 0.1318359375 0.7207446808510638 0.03125 0.0425531914893617
1 0.095703125 0.75 0.03125 0.0425531914893617
1 0.109375 0.6436170212765957 0.03125 0.0425531914893617
1 0.1484375 0.6103723404255319 0.03125 0.0425531914893617
1 0.1064453125 0.5718085106382979 0.03125 0.0425531914893617
1 0.1357421875 0.5558510638297872 0.03125 0.0425531914893617
1 0.1318359375 0.535904255319149 0.03125 0.0425531914893617
1 0.1455078125 0.523936170212766 0.03125 0.0425531914893617
1 0.048828125 0.5771276595744681 0.03125 0.0425531914893617
1 0.107421875 0.48138297872340424 0.03125 0.0425531914893617
1 0.1845703125 0.48138297872340424 0.03125 0.0425531914893617
1 0.2734375 0.41888297872340424 0.03125 0.0425531914893617
1 0.34765625 0.3882978723404255 0.03125 0.0425531914893617
1 0.439453125 0.44680851063829785 0.03125 0.0425531914893617
1 0.47265625 0.4122340425531915 0.03125 0.0425531914893617
1 0.453125 0.34175531914893614 0.03125 0.0425531914893617
1 0.0244140625 0.0851063829787234 0.03125 0.0425531914893617
1 0.0849609375 0.1529255319148936 0.03125 0.0425531914893617
1 0.1376953125 0.1077127659574468 0.03125 0.0425531914893617
1 0.0439453125 0.9029255319148937 0.03125 0.0425531914893617
1 0.06640625 0.13829787234042554 0.03125 0.0425531914893617
1 0.1767578125 0.1502659574468085 0.03125 0.0425531914893617
1 0.21484375 0.25132978723404253 0.03125 0.0425531914893617
1 0.2373046875 0.2220744680851064 0.03125 0.0425531914893617
1 0.2470703125 0.26861702127659576 0.03125 0.0425531914893617
1 0.2763671875 0.2845744680851064 0.03125 0.0425531914893617
1 0.3447265625 0.2579787234042553 0.03125 0.0425531914893617
1 0.322265625 0.31117021276595747 0.03125 0.0425531914893617
1 0.3828125 0.2526595744680851 0.03125 0.0425531914893617
1 0.4580078125 0.22606382978723405 0.03125 0.0425531914893617
1 0.470703125 0.1449468085106383 0.03125 0.0425531914893617
1 0.3828125 0.027925531914893616 0.03125 0.0425531914893617
1 0.4150390625 0.04920212765957447 0.03125 0.0425531914893617
1 0.36328125 0.034574468085106384 0.03125 0.0425531914893617
1 0.28125 0.018617021276595744 0.03125 0.0425531914893617
1 0.2412109375 0.014627659574468085 0.03125 0.0425531914893617
1 0.3134765625 0.08111702127659574 0.03125 0.0425531914893617
1 0.015625 0.2247340425531915 0.03125 0.0425531914893617
1 0.0341796875 0.28324468085106386 0.03125 0.0425531914893617
1 0.1416015625 0.13031914893617022 0.03125 0.0425531914893617
1 0.1220703125 0.05186170212765957 0.03125 0.0425531914893617
1 0.921875 0.24202127659574468 0.03125 0.0425531914893617