0 0.8251953125 0.09707446808510638 0.03125 0.0425531914893617
0 0.640625 0.05053191489361702 0.03125 0.0425531914893617
0 0.611328125 0.043882978723404256 0.03125 0.0425531914893617
0 0.974609375 0.613031914893617 0.03125 0.0425531914893617
0 0.9814453125 0.511968085106383 0.03125 0.0425531914893617
0 0.431640625 0.34574468085106386 0.03125 0.0425531914893617
0 0.7509765625 0.22074468085106383 0.03125 0.0425531914893617
0 0.81640625 0.30851063829787234 0.03125 0.0425531914893617
0 0.9736328125 0.39095744680851063 0.03125 0.0425531914893617
0 0.6953125 0.43882978723404253 0.03125 0.0425531914893617
0 0.5595703125 0.4162234042553192 0.03125 0.0425531914893617
0 0.533203125 0.36436170212765956 0.03125 0.0425531914893617
0 0.5634765625 0.11170212765957446 0.03125 0.0425531914893617
0 0.2978515625 0.23404255319148937 0.03125 0.0425531914893617
0 0.27734375 0.12234042553191489 0.03125 0.0425531914893617
0 0.2822265625 0.07047872340425532 0.03125 0.0425531914893617
0 0.0517578125 0.04521276595744681 0.03125 0.0425531914893617
0 0.0625 0.24202127659574468 0.03125 0.0425531914893617
0 0.103515625 0.261968085106383 0.03125 0.0425531914893617
0 0.240234375 0.4428191489361702 0.03125 0.0425531914893617
0 0.681640625 0.7686170212765957 0.03125 0.0425531914893617
0 0.57421875 0.8257978723404256 0.03125 0.0425531914893617
0 0.7080078125 0.973404255319149 0.03125 0.0425531914893617
0 0.873046875 0.7074468085106383 0.03125 0.0425531914893617
0 0.72265625 0.5718085106382979 0.03125 0.0425531914893617
0 0.24609375 0.26728723404255317 0.03125 0.0425531914893617
0 0.0703125 0.44148936170212766 0.03125 0.0425531914893617
0 0.4462890625 0.5172872340425532 0.03125 0.0425531914893617
0 0.09765625 0.5824468085106383 0.03125 0.0425531914893617
0 0.2392578125 0.6781914893617021 0.03125 0.0425531914893617
0 0.23828125 0.8257978723404256 0.03125 0.0425531914893617
0 0.275390625 0.8643617021276596 0.03125 0.0425531914893617
0 0.30078125 0.8789893617021277 0.03125 0.0425531914893617
0 0.12109375 0.9335106382978723 0.03125 0.0425531914893617
0 0.484375 0.8098404255319149 0.03125 0.0425531914893617
0 0.63671875 0.6968085106382979 0.03125 0.0425531914893617
1 0.80078125 0.2898936170212766 0.03125 0.0425531914893617
1 0.865234375 0.2699468085106383 0.03125 0.0425531914893617
1 0.9150390625 0.30319148936170215 0.03125 0.0425531914893617
1 0.98828125 0.2473404255319149 0.03125 0.0425531914893617
1 0.9697265625 0.3058510638297872 0.03125 0.0425531914893617
1 0.96484375 0.1768617021276596 0.03125 0.0425531914893617
1 0.9951171875 0.08643617021276596 0.03125 0.0425531914893617
1 0.990234375 0.05186170212765957 0.03125 0.0425531914893617
1 0.970703125 0.07712765957446809 0.03125 0.0425531914893617
1 0.90234375 0.09574468085106383 0.03125 0.0425531914893617
1 0.880859375 0.10904255319148937 0.03125 0.0425531914893617
1 0.875 0.08909574468085106 0.03125 0.0425531914893617
1 0.8330078125 0.06382978723404255 0.03125 0.0425531914893617
1 0.818359375 0.05851063829787234 0.03125 0.0425531914893617
1 0.822265625 0.13430851063829788 0.03125 0.0425531914893617
1 0.7763671875 0.1356382978723404 0.03125 0.0425531914893617
1 0.7509765625 0.1702127659574468 0.03125 0.0425531914893617
1 0.6484375 0.0625 0.03125 0.0425531914893617
1 0.544921875 0.05319148936170213 0.03125 0.0425531914893617
1 0.5859375 0.13164893617021275 0.03125 0.0425531914893617
1 0.564453125 0.1529255319148936 0.03125 0.0425531914893617
1 0.552734375 0.1422872340425532 0.03125 0.0425531914893617
1 0.5087890625 0.26861702127659576 0.03125 0.0425531914893617
1 0.5654296875 0.29654255319148937 0.03125 0.0425531914893617
1 0.611328125 0.2872340425531915 0.03125 0.0425531914893617
1 0.6357421875 0.26063829787234044 0.03125 0.0425531914893617
1 0.6669921875 0.24468085106382978 0.03125 0.0425531914893617
1 0.6708984375 0.2859042553191489 0.03125 0.0425531914893617
1 0.7373046875 0.32978723404255317 0.03125 0.0425531914893617
1 0.6728515625 0.33643617021276595 0.03125 0.0425531914893617
1 0.6943359375 0.3523936170212766 0.03125 0.0425531914893617
1 0.7216796875 0.42686170212765956 0.03125 0.0425531914893617
1 0.7509765625 0.4747340425531915 0.03125 0.0425531914893617
1 0.849609375 0.45611702127659576 0.03125 0.0425531914893617
1 0.9150390625 0.40558510638297873 0.03125 0.0425531914893617
1 0.6396484375 0.35771276595744683 0.03125 0.0425531914893617
1 0.6025390625 0.34308510638297873 0.03125 0.0425531914893617
1 0.580078125 0.3683510638297872 0.03125 0.0425531914893617
1 0.5322265625 0.4228723404255319 0.03125 0.0425531914893617
1 0.5224609375 0.4601063829787234 0.03125 0.0425531914893617
1 0.48828125 0.36436170212765956 0.03125 0.0425531914893617
1 0.484375 0.28324468085106386 0.03125 0.0425531914893617
1 0.4794921875 0.12101063829787234 0.03125 0.0425531914893617
1 0.4765625 0.0678191489361702 0.03125 0.0425531914893617
1 0.396484375 0.14760638297872342 0.03125 0.0425531914893617
1 0.3125 0.1702127659574468 0.03125 0.0425531914893617
1 0.3935546875 0.2632978723404255 0.03125 0.0425531914893617
1 0.330078125 0.28058510638297873 0.03125 0.0425531914893617
1 0.3818359375 0.34574468085106386 0.03125 0.0425531914893617
1 0.3984375 0.35638297872340424 0.03125 0.0425531914893617
1 0.3076171875 0.375 0.03125 0.0425531914893617
1 0.4267578125 0.39228723404255317 0.03125 0.0425531914893617
1 0.42578125 0.4640957446808511 0.03125 0.0425531914893617
1 0.490234375 0.5425531914893617 0.03125 0.0425531914893617
1 0.4541015625 0.5412234042553191 0.03125 0.0425531914893617
1 0.505859375 0.5811170212765957 0.03125 0.0425531914893617
1 0.5302734375 0.5625 0.03125 0.0425531914893617
1 0.537109375 0.6529255319148937 0.03125 0.0425531914893617
1 0.5810546875 0.675531914893617 0.03125 0.0425531914893617
1 0.53515625 0.7167553191489362 0.03125 0.0425531914893617
1 0.6025390625 0.7167553191489362 0.03125 0.0425531914893617
1 0.6630859375 0.6316489361702128 0.03125 0.0425531914893617
1 0.7587890625 0.6063829787234043 0.03125 0.0425531914893617
1 0.80078125 0.660904255319149 0.03125 0.0425531914893617
1 0.84765625 0.6329787234042553 0.03125 0.0425531914893617
1 0.837890625 0.726063829787234 0.03125 0.0425531914893617
1 0.779296875 0.6968085106382979 0.03125 0.0425531914893617
1 0.69140625 0.7406914893617021 0.03125 0.0425531914893617
1 0.7451171875 0.7539893617021277 0.03125 0.0425531914893617
1 0.7919921875 0.776595744680851 0.03125 0.0425531914893617
1 0.919921875 0.7460106382978723 0.03125 0.0425531914893617
1 0.93359375 0.7672872340425532 0.03125 0.0425531914893617
1 0.9326171875 0.699468085106383 0.03125 0.0425531914893617
1 0.90625 0.49867021276595747 0.03125 0.0425531914893617
1 0.9755859375 0.4574468085106383 0.03125 0.0425531914893617
1 0.98828125 0.47074468085106386 0.03125 0.0425531914893617
1 0.9931640625 0.49069148936170215 0.03125 0.0425531914893617
1 0.99609375 0.7420212765957447 0.03125 0.0425531914893617
1 0.990234375 0.9162234042553191 0.03125 0.0425531914893617
1 0.9853515625 0.898936170212766 0.03125 0.0425531914893617
1 0.9794921875 0.8098404255319149 0.03125 0.0425531914893617
1 0.84765625 0.8670212765957447 0.03125 0.0425531914893617
1 0.84375 0.8803191489361702 0.03125 0.0425531914893617
1 0.857421875 0.8204787234042553 0.03125 0.0425531914893617
1 0.833984375 0.7938829787234043 0.03125 0.0425531914893617
1 0.78515625 0.8164893617021277 0.03125 0.0425531914893617
1 0.80859375 0.8178191489361702 0.03125 0.0425531914893617
1 0.806640625 0.8723404255319149 0.03125 0.0425531914893617
1 0.8486328125 0.9055851063829787 0.03125 0.0425531914893617
1 0.86328125 0.9228723404255319 0.03125 0.0425531914893617
1 0.8974609375 0.9601063829787234 0.03125 0.0425531914893617
1 0.8994140625 0.9920212765957447 0.03125 0.0425531914893617
1 0.7919921875 0.9468085106382979 0.03125 0.0425531914893617
1 0.7724609375 0.9002659574468085 0.03125 0.0425531914893617
1 0.7255859375 0.9002659574468085 0.03125 0.0425531914893617
1 0.7109375 0.8377659574468085 0.03125 0.0425531914893617
1 0.7392578125 0.8164893617021277 0.03125 0.0425531914893617
1 0.732421875 0.8058510638297872 0.03125 0.0425531914893617
1 0.7236328125 0.9401595744680851 0.03125 0.0425531914893617
1 0.6904296875 0.925531914893617 0.03125 0.0425531914893617
1 0.6259765625 0.9694148936170213 0.03125 0.0425531914893617
1 0.5859375 0.9773936170212766 0.03125 0.0425531914893617
1 0.537109375 0.9507978723404256 0.03125 0.0425531914893617
1 0.59375 0.9082446808510638 0.03125 0.0425531914893617
1 0.5341796875 0.9175531914893617 0.03125 0.0425531914893617
1 0.4873046875 0.7007978723404256 0.03125 0.0425531914893617
1 0.490234375 0.7553191489361702 0.03125 0.0425531914893617
1 0.46484375 0.8843085106382979 0.03125 0.0425531914893617
1 0.435546875 0.8829787234042553 0.03125 0.0425531914893617
1 0.490234375 0.9747340425531915 0.03125 0.0425531914893617
1 0.4228515625 0.9601063829787234 0.03125 0.0425531914893617
1 0.3310546875 0.9587765957446809 0.03125 0.0425531914893617
1 0.3984375 0.8896276595744681 0.03125 0.0425531914893617
1 0.337890625 0.8151595744680851 0.03125 0.0425531914893617
1 0.31640625 0.8603723404255319 0.03125 0.0425531914893617
1 0.3046875 0.7659574468085106 0.03125 0.0425531914893617
1 0.404296875 0.7247340425531915 0.03125 0.0425531914893617
1 0.404296875 0.675531914893617 0.03125 0.0425531914893617
1 0.4052734375 0.6542553191489362 0.03125 0.0425531914893617
1 0.4033203125 0.6303191489361702 0.03125 0.0425531914893617
1 0.4150390625 0.6276595744680851 0.03125 0.0425531914893617
1 0.4306640625 0.601063829787234 0.03125 0.0425531914893617
1 0.328125 0.6156914893617021 0.03125 0.0425531914893617
1 0.2802734375 0.6795212765957447 0.03125 0.0425531914893617
1 0.2861328125 0.7087765957446809 0.03125 0.0425531914893617
1 0.04296875 0.976063829787234 0.03125 0.0425531914893617
1 0.0205078125 0.8936170212765957 0.03125 0.0425531914893617
1 0.00390625 0.898936170212766 0.03125 0.0425531914893617
1 0.0263671875 0.8204787234042553 0.03125 0.0425531914893617
1 0.1240234375 0.8617021276595744 0.03125 0.0425531914893617
1 0.158203125 0.9029255319148937 0.03125 0.0425531914893617
1 0.12890625 0.925531914893617 0.03125 0.0425531914893617
1 0.1708984375 0.9840425531914894 0.03125 0.0425531914893617
1 0.2529296875 0.9654255319148937 0.03125 0.0425531914893617
1 0.2216796875 0.898936170212766 0.03125 0.0425531914893617
1 0.2421875 0.8803191489361702 0.03125 0.0425531914893617
1 0.205078125 0.8311170212765957 0.03125 0.0425531914893617
1 0.2216796875 0.7566489361702128 0.03125 0.0425531914893617
1 0.2255859375 0.7327127659574468 0.03125 0.0425531914893617
1 0.255859375 0.7539893617021277 0.03125 0.0425531914893617
1 0.255859375 0.7845744680851063 0.03125 0.0425531914893617
1 0.2646484375 0.8271276595744681 0.03125 0.0425531914893617
1 0.2470703125 0.8018617021276596 0.03125 0.0425531914893617
1 0.2294921875 0.6861702127659575 0.03125 0.0425531914893617
1 0.2509765625 0.6555851063829787 0.03125 0.0425531914893617
1 0.2373046875 0.6595744680851063 0.03125 0.0425531914893617
1 0.2607421875 0.6090425531914894 0.03125 0.0425531914893617
1 0.158203125 0.5851063829787234 0.03125 0.0425531914893617
1 0.1435546875 0.511968085106383 0.03125 0.0425531914893617
1 0.072265625 0.5904255319148937 0.03125 0.0425531914893617
1 0.07421875 0.5026595744680851 0.03125 0.0425531914893617
1 0.169921875 0.6702127659574468 0.03125 0.0425531914893617
1 0.1376953125 0.6768617021276596 0.03125 0.0425531914893617
1 0.08203125 0.7127659574468085 0.03125 0.0425531914893617
1 0.1240234375 0.7539893617021277 0.03125 0.0425531914893617
1 0.1474609375 0.7805851063829787 0.03125 0.0425531914893617
1 0.1650390625 0.7526595744680851 0.03125 0.0425531914893617
1 0.1552734375 0.7327127659574468 0.03125 0.0425531914893617
1 0.04296875 0.4441489361702128 0.03125 0.0425531914893617
1 0.08203125 0.44148936170212766 0.03125 0.0425531914893617
1 0.12890625 0.42819148936170215 0.03125 0.0425531914893617
1 0.2197265625 0.46808510638297873 0.03125 0.0425531914893617
1 0.216796875 0.4175531914893617 0.03125 0.0425531914893617
1 0.2294921875 0.3896276595744681 0.03125 0.0425531914893617
1 0.1845703125 0.4162234042553192 0.03125 0.0425531914893617
1 0.134765625 0.41356382978723405 0.03125 0.0425531914893617
1 0.115234375 0.3976063829787234 0.03125 0.0425531914893617
1 0.109375 0.39095744680851063 0.03125 0.0425531914893617
1 0.09765625 0.3816489361702128 0.03125 0.0425531914893617
1 0.0693359375 0.36569148936170215 0.03125 0.0425531914893617
1 0.1318359375 0.3670212765957447 0.03125 0.0425531914893617
1 0.140625 0.32845744680851063 0.03125 0.0425531914893617
1 0.1005859375 0.3191489361702128 0.03125 0.0425531914893617
1 0.1123046875 0.2872340425531915 0.03125 0.0425531914893617
1 0.03125 0.28324468085106386 0.03125 0.0425531914893617
1 0.03515625 0.26063829787234044 0.03125 0.0425531914893617
1 0.1875 0.2632978723404255 0.03125 0.0425531914893617
1 0.158203125 0.2765957446808511 0.03125 0.0425531914893617
1 0.2109375 0.2978723404255319 0.03125 0.0425531914893617
1 0.2431640625 0.31648936170212766 0.03125 0.0425531914893617
1 0.25390625 0.3404255319148936 0.03125 0.0425531914893617
1 0.0859375 0.20212765957446807 0.03125 0.0425531914893617
1 0.0537109375 0.1768617021276596 0.03125 0.0425531914893617
1 0.2119140625 0.16888297872340424 0.03125 0.0425531914893617
1 0.1845703125 0.22872340425531915 0.03125 0.0425531914893617
1 0.2333984375 0.1981382978723404 0.03125 0.0425531914893617
1 0.2841796875 0.043882978723404256 0.03125 0.0425531914893617
1 0.19921875 0.013297872340425532 0.03125 0.0425531914893617
1 0.6923828125 0.02925531914893617 0.03125 0.0425531914893617
1 0.978515625 0.02925531914893617 0.03125 0.0425531914893617
1 0.9716796875 0.836436170212766 0.03125 0.0425531914893617