0 0.6611328125 0.31382978723404253 0.03125 0.0425531914893617
0 0.6298828125 0.2925531914893617 0.03125 0.0425531914893617
0 0.6689453125 0.18617021276595744 0.03125 0.0425531914893617
0 0.751953125 0.07446808510638298 0.03125 0.0425531914893617
0 0.330078125 0.13962765957446807 0.03125 0.0425531914893617
0 0.40234375 0.4787234042553192 0.03125 0.0425531914893617
0 0.34375 0.5212765957446809 0.03125 0.0425531914893617
0 0.1611328125 0.26595744680851063 0.03125 0.0425531914893617
0 0.037109375 0.24601063829787234 0.03125 0.0425531914893617
0 0.015625 0.1023936170212766 0.03125 0.0425531914893617
0 0.3369140625 0.8098404255319149 0.03125 0.0425531914893617
0 0.2587890625 0.8257978723404256 0.03125 0.0425531914893617
0 0.072265625 0.8151595744680851 0.03125 0.0425531914893617
0 0.115234375 0.9148936170212766 0.03125 0.0425531914893617
0 0.1103515625 0.9680851063829787 0.03125 0.0425531914893617
0 0.8955078125 0.4920212765957447 0.03125 0.0425531914893617
0 0.673828125 0.4654255319148936 0.03125 0.0425531914893617
0 0.2783203125 0.2898936170212766 0.03125 0.0425531914893617
0 0.5791015625 0.29388297872340424 0.03125 0.0425531914893617
0 0.5087890625 0.018617021276595744 0.03125 0.0425531914893617
0 0.486328125 0.31117021276595747 0.03125 0.0425531914893617
0 0.0087890625 0.4162234042553192 0.03125 0.0425531914893617
0 0.75 0.7553191489361702 0.03125 0.0425531914893617
0 0.5517578125 0.8311170212765957 0.03125 0.0425531914893617
0 0.5595703125 0.8696808510638298 0.03125 0.0425531914893617
0 0.65234375 0.9747340425531915 0.03125 0.0425531914893617
0 0.703125 0.9840425531914894 0.03125 0.0425531914893617
0 0.9306640625 0.9481382978723404 0.03125 0.0425531914893617
0 0.181640625 0.574468085106383 0.03125 0.0425531914893617
0 0.462890625 0.6914893617021277 0.03125 0.0425531914893617
0 0.537109375 0.6502659574468085 0.03125 0.0425531914893617
0 0.39453125 0.7101063829787234 0.03125 0.0425531914893617
1 0.7900390625 0.16622340425531915 0.03125 0.0425531914893617
1 0.734375 0.1595744680851064 0.03125 0.0425531914893617
1 0.740234375 0.006648936170212766 0.03125 0.0425531914893617
1 0.5556640625 0.3058510638297872 0.03125 0.0425531914893617
1 0.599609375 0.24601063829787234 0.03125 0.0425531914893617
1 0.6025390625 0.23670212765957446 0.03125 0.0425531914893617
1 0.63671875 0.3523936170212766 0.03125 0.0425531914893617
1 0.662109375 0.3683510638297872 0.03125 0.0425531914893617
1 0.65625 0.3829787234042553 0.03125 0.0425531914893617
1 0.6845703125 0.3484042553191489 0.03125 0.0425531914893617
1 0.703125 0.3776595744680851 0.03125 0.0425531914893617
1 0.71875 0.39893617021276595 0.03125 0.0425531914893617
1 0.748046875 0.39361702127659576 0.03125 0.0425531914893617
1 0.7705078125 0.40558510638297873 0.03125 0.0425531914893617
1 0.810546875 0.42154255319148937 0.03125 0.0425531914893617
1 0.849609375 0.48404255319148937 0.03125 0.0425531914893617
1 0.962890625 0.44680851063829785 0.03125 0.0425531914893617
1 0.9462890625 0.43882978723404253 0.03125 0.0425531914893617
1 0.974609375 0.42154255319148937 0.03125 0.0425531914893617
1 0.9267578125 0.3683510638297872 0.03125 0.0425531914893617
1 0.90625 0.3670212765957447 0.03125 0.0425531914893617
1 0.59765625 0.3949468085106383 0.03125 0.0425531914893617
1 0.548828125 0.35771276595744683 0.03125 0.0425531914893617
1 0.5703125 0.4308510638297872 0.03125 0.0425531914893617
1 0.62890625 0.4428191489361702 0.03125 0.0425531914893617
1 0.525390625 0.43882978723404253 0.03125 0.0425531914893617
1 0.525390625 0.45478723404255317 0.03125 0.0425531914893617
1 0.513671875 0.48936170212765956 0.03125 0.0425531914893617
1 0.798828125 0.5757978723404256 0.03125 0.0425531914893617
1 0.7822265625 0.5611702127659575 0.03125 0.0425531914893617
1 0.791015625 0.6462765957446809 0.03125 0.0425531914893617
1 0.8603515625 0.6648936170212766 0.03125 0.0425531914893617
1 0.8828125 0.5478723404255319 0.03125 0.0425531914893617
1 0.9853515625 0.5372340425531915 0.03125 0.0425531914893617
1 0.859375 0.7832446808510638 0.03125 0.0425531914893617
1 0.955078125 0.800531914893617 0.03125 0.0425531914893617
1 0.9072265625 0.8843085106382979 0.03125 0.0425531914893617
1 0.9033203125 0.9095744680851063 0.03125 0.0425531914893617
1 0.869140625 0.9175531914893617 0.03125 0.0425531914893617
1 0.97265625 0.9228723404255319 0.03125 0.0425531914893617
1 0.966796875 0.9388297872340425 0.03125 0.0425531914893617
1 0.966796875 0.9973404255319149 0.03125 0.0425531914893617
1 0.8056640625 0.9960106382978723 0.03125 0.0425531914893617
1 0.736328125 0.9960106382978723 0.03125 0.0425531914893617
1 0.6298828125 0.964095744680851 0.03125 0.0425531914893617
1 0.603515625 0.9574468085106383 0.03125 0.0425531914893617
1 0.57421875 0.976063829787234 0.03125 0.0425531914893617
1 0.564453125 0.9175531914893617 0.03125 0.0425531914893617
1 0.5546875 0.875 0.03125 0.0425531914893617
1 0.533203125 0.8590425531914894 0.03125 0.0425531914893617
1 0.6025390625 0.8470744680851063 0.03125 0.0425531914893617
1 0.583984375 0.8151595744680851 0.03125 0.0425531914893617
1 0.63671875 0.8204787234042553 0.03125 0.0425531914893617
1 0.6376953125 0.7686170212765957 0.03125 0.0425531914893617
1 0.671875 0.7553191489361702 0.03125 0.0425531914893617
1 0.734375 0.8218085106382979 0.03125 0.0425531914893617
1 0.7275390625 0.8324468085106383 0.03125 0.0425531914893617
1 0.728515625 0.8577127659574468 0.03125 0.0425531914893617
1 0.6845703125 0.8723404255319149 0.03125 0.0425531914893617
1 0.685546875 0.6888297872340425 0.03125 0.0425531914893617
1 0.736328125 0.7047872340425532 0.03125 0.0425531914893617
1 0.7626953125 0.6928191489361702 0.03125 0.0425531914893617
1 0.728515625 0.7313829787234043 0.03125 0.0425531914893617
1 0.5078125 0.6981382978723404 0.03125 0.0425531914893617
1 0.517578125 0.6768617021276596 0.03125 0.0425531914893617
1 0.5087890625 0.574468085106383 0.03125 0.0425531914893617
1 0.494140625 0.5718085106382979 0.03125 0.0425531914893617
1 0.521484375 0.5452127659574468 0.03125 0.0425531914893617
1 0.4189453125 0.6023936170212766 0.03125 0.0425531914893617
1 0.470703125 0.6303191489361702 0.03125 0.0425531914893617
1 0.3828125 0.7406914893617021 0.03125 0.0425531914893617
1 0.3681640625 0.7393617021276596 0.03125 0.0425531914893617
1 0.35546875 0.7154255319148937 0.03125 0.0425531914893617
1 0.4111328125 0.8138297872340425 0.03125 0.0425531914893617
1 0.396484375 0.8577127659574468 0.03125 0.0425531914893617
1 0.353515625 0.800531914893617 0.03125 0.0425531914893617
1 0.3486328125 0.8191489361702128 0.03125 0.0425531914893617
1 0.287109375 0.8058510638297872 0.03125 0.0425531914893617
1 0.2578125 0.7779255319148937 0.03125 0.0425531914893617
1 0.275390625 0.8776595744680851 0.03125 0.0425531914893617
1 0.244140625 0.9042553191489362 0.03125 0.0425531914893617
1 0.27734375 0.9308510638297872 0.03125 0.0425531914893617
1 0.291015625 0.9654255319148937 0.03125 0.0425531914893617
1 0.220703125 0.9906914893617021 0.03125 0.0425531914893617
1 0.201171875 0.788563829787234 0.03125 0.0425531914893617
1 0.1767578125 0.7978723404255319 0.03125 0.0425531914893617
1 0.1171875 0.8098404255319149 0.03125 0.0425531914893617
1 0.142578125 0.8590425531914894 0.03125 0.0425531914893617
1 0.1376953125 0.9694148936170213 0.03125 0.0425531914893617
1 0.091796875 0.9680851063829787 0.03125 0.0425531914893617
1 0.08203125 0.9587765957446809 0.03125 0.0425531914893617
1 0.0546875 0.7393617021276596 0.03125 0.0425531914893617
1 0.046875 0.6768617021276596 0.03125 0.0425531914893617
1 0.0078125 0.6821808510638298 0.03125 0.0425531914893617
1 0.03125 0.7393617021276596 0.03125 0.0425531914893617
1 0.0166015625 0.5691489361702128 0.03125 0.0425531914893617
1 0.005859375 0.511968085106383 0.03125 0.0425531914893617
1 0.11328125 0.5651595744680851 0.03125 0.0425531914893617
1 0.142578125 0.586436170212766 0.03125 0.0425531914893617
1 0.1728515625 0.5957446808510638 0.03125 0.0425531914893617
1 0.15234375 0.6409574468085106 0.03125 0.0425531914893617
1 0.1494140625 0.5345744680851063 0.03125 0.0425531914893617
1 0.208984375 0.6223404255319149 0.03125 0.0425531914893617
1 0.296875 0.613031914893617 0.03125 0.0425531914893617
1 0.314453125 0.49601063829787234 0.03125 0.0425531914893617
1 0.28125 0.4973404255319149 0.03125 0.0425531914893617
1 0.279296875 0.48138297872340424 0.03125 0.0425531914893617
1 0.2548828125 0.44813829787234044 0.03125 0.0425531914893617
1 0.306640625 0.45345744680851063 0.03125 0.0425531914893617
1 0.30078125 0.40691489361702127 0.03125 0.0425531914893617
1 0.18359375 0.3670212765957447 0.03125 0.0425531914893617
1 0.43359375 0.45345744680851063 0.03125 0.0425531914893617
1 0.4853515625 0.3617021276595745 0.03125 0.0425531914893617
1 0.4609375 0.34175531914893614 0.03125 0.0425531914893617
1 0.392578125 0.3058510638297872 0.03125 0.0425531914893617
1 0.37890625 0.32180851063829785 0.03125 0.0425531914893617
1 0.30078125 0.22606382978723405 0.03125 0.0425531914893617
1 0.2509765625 0.24069148936170212 0.03125 0.0425531914893617
1 0.134765625 0.25132978723404253 0.03125 0.0425531914893617
1 0.005859375 0.26595744680851063 0.03125 0.0425531914893617
1 0.0439453125 0.44148936170212766 0.03125 0.0425531914893617
1 0.11328125 0.45345744680851063 0.03125 0.0425531914893617
1 0.138671875 0.12367021276595745 0.03125 0.0425531914893617
1 0.2431640625 0.10904255319148937 0.03125 0.0425531914893617
1 0.23046875 0.1595744680851064 0.03125 0.0425531914893617
1 0.2744140625 0.1502659574468085 0.03125 0.0425531914893617
1 0.330078125 0.19281914893617022 0.03125 0.0425531914893617
1 0.3447265625 0.19680851063829788 0.03125 0.0425531914893617
1 0.3330078125 0.20877659574468085 0.03125 0.0425531914893617
1 0.3359375 0.24468085106382978 0.03125 0.0425531914893617
1 0.3955078125 0.17553191489361702 0.03125 0.0425531914893617
1 0.416015625 0.17819148936170212 0.03125 0.0425531914893617
1 0.4462890625 0.17553191489361702 0.03125 0.0425531914893617
1 0.46875 0.19148936170212766 0.03125 0.0425531914893617
1 0.4931640625 0.16622340425531915 0.03125 0.0425531914893617
1 0.50390625 0.20212765957446807 0.03125 0.0425531914893617
1 0.451171875 0.07047872340425532 0.03125 0.0425531914893617
1 0.43359375 0.05585106382978723 0.03125 0.0425531914893617
1 0.388671875 0.0398936170212766 0.03125 0.0425531914893617
1 0.251953125 0.0398936170212766 0.03125 0.0425531914893617
1 0.142578125 0.04920212765957447 0.03125 0.0425531914893617
1 0.9375 0.6436170212765957 0.03125 0.0425531914893617
1 0.888671875 0.7779255319148937 0.03125 0.0425531914893617
1 0.93359375 0.6981382978723404 0.03125 0.0425531914893617
1 0.9140625 0.7194148936170213 0.03125 0.0425531914893617
1 0.859375 0.18617021276595744 0.03125 0.0425531914893617
1 0.71875 0.538563829787234 0.03125 0.0425531914893617
1 0.654296875 0.6356382978723404 0.03125 0.0425531914893617
1 0.66015625 0.6223404255319149 0.03125 0.0425531914893617
1 0.6220703125 0.5930851063829787 0.03125 0.0425531914893617
1 0.5634765625 0.5797872340425532 0.03125 0.0425531914893617
1 0.88671875 0.1622340425531915 0.03125 0.0425531914893617
1 0.90234375 0.16489361702127658 0.03125 0.0425531914893617
1 0.970703125 0.15691489361702127 0.03125 0.0425531914893617
1 0.982421875 0.12367021276595745 0.03125 0.0425531914893617
1 0.78125 0.017287234042553192 0.03125 0.0425531914893617
1 0.642578125 0.08111702127659574 0.03125 0.0425531914893617
1 0.615234375 0.08244680851063829 0.03125 0.0425531914893617
1 0.56640625 0.09175531914893617 0.03125 0.0425531914893617
1 0.5283203125 0.125 0.03125 0.0425531914893617
1 0.5908203125 0.26861702127659576 0.03125 0.0425531914893617
1 0.62890625 0.261968085106383 0.03125 0.0425531914893617
1 0.6689453125 0.19414893617021275 0.03125 0.0425531914893617
1 0.75390625 0.2553191489361702 0.03125 0.0425531914893617
1 0.779296875 0.26728723404255317 0.03125 0.0425531914893617
1 0.787109375 0.3098404255319149 0.03125 0.0425531914893617
1 0.86328125 0.28856382978723405 0.03125 0.0425531914893617
1 0.87890625 0.2553191489361702 0.03125 0.0425531914893617
1 0.875 0.23138297872340424 0.03125 0.0425531914893617
1 0.9140625 0.30319148936170215 0.03125 0.0425531914893617
1 0.974609375 0.2712765957446808 0.03125 0.0425531914893617
1 0.9541015625 0.35106382978723405 0.03125 0.0425531914893617
1 0.9306640625 0.34574468085106386 0.03125 0.0425531914893617
1 0.6767578125 0.5811170212765957 0.03125 0.0425531914893617
1 0.677734375 0.5478723404255319 0.03125 0.0425531914893617