0 0.9775390625 0.4308510638297872 0.03125 0.0425531914893617
0 0.666015625 0.660904255319149 0.03125 0.0425531914893617
0 0.61328125 0.5478723404255319 0.03125 0.0425531914893617
0 0.9453125 0.1502659574468085 0.03125 0.0425531914893617
0 0.775390625 0.2566489361702128 0.03125 0.0425531914893617
0 0.9189453125 0.5585106382978723 0.03125 0.0425531914893617
0 0.8994140625 0.848404255319149 0.03125 0.0425531914893617
0 0.5126953125 0.13430851063829788 0.03125 0.0425531914893617
0 0.99609375 0.3377659574468085 0.03125 0.0425531914893617
0 0.7470703125 0.550531914893617 0.03125 0.0425531914893617
0 0.56640625 0.8417553191489362 0.03125 0.0425531914893617
0 0.29296875 0.15558510638297873 0.03125 0.0425531914893617
0 0.2197265625 0.20212765957446807 0.03125 0.0425531914893617
0 0.978515625 0.5452127659574468 0.03125 0.0425531914893617
0 0.46484375 0.8696808510638298 0.03125 0.0425531914893617
0 0.494140625 0.4920212765957447 0.03125 0.0425531914893617
0 0.236328125 0.34308510638297873 0.03125 0.0425531914893617
0 0.2890625 0.6702127659574468 0.03125 0.0425531914893617
0 0.224609375 0.8377659574468085 0.03125 0.0425531914893617
0 0.1845703125 0.5771276595744681 0.03125 0.0425531914893617
0 0.1142578125 0.3404255319148936 0.03125 0.0425531914893617
0 0.1025390625 0.2779255319148936 0.03125 0.0425531914893617
0 0.03515625 0.4095744680851064 0.03125 0.0425531914893617
0 0.16015625 0.976063829787234 0.03125 0.0425531914893617
0 0.1455078125 0.964095744680851 0.03125 0.0425531914893617
0 0.0400390625 0.9175531914893617 0.03125 0.0425531914893617
0 0.2080078125 0.6077127659574468 0.03125 0.0425531914893617
0 0.0439453125 0.34175531914893614 0.03125 0.0425531914893617
0 0.388671875 0.9960106382978723 0.03125 0.0425531914893617
1 0.8740234375 0.09973404255319149 0.03125 0.0425531914893617
1 0.8515625 0.030585106382978722 0.03125 0.0425531914893617
1 0.84375 0.007978723404255319 0.03125 0.0425531914893617
1 0.921875 0.11569148936170212 0.03125 0.0425531914893617
1 0.88671875 0.9335106382978723 0.03125 0.0425531914893617
1 0.7666015625 0.9747340425531915 0.03125 0.0425531914893617
1 0.59375 0.7353723404255319 0.03125 0.0425531914893617
1 0.9365234375 0.11835106382978723 0.03125 0.0425531914893617
1 0.8642578125 0.6223404255319149 0.03125 0.0425531914893617
1 0.8505859375 0.6156914893617021 0.03125 0.0425531914893617
1 0.9609375 0.711436170212766 0.03125 0.0425531914893617
1 0.693359375 0.6888297872340425 0.03125 0.0425531914893617
1 0.9580078125 0.4015957446808511 0.03125 0.0425531914893617
1 0.9951171875 0.05585106382978723 0.03125 0.0425531914893617
1 0.7880859375 0.7566489361702128 0.03125 0.0425531914893617
1 0.740234375 0.7752659574468085 0.03125 0.0425531914893617
1 0.7861328125 0.8125 0.03125 0.0425531914893617
1 0.822265625 0.7792553191489362 0.03125 0.0425531914893617
1 0.8642578125 0.7672872340425532 0.03125 0.0425531914893617
1 0.787109375 0.964095744680851 0.03125 0.0425531914893617
1 0.87109375 0.964095744680851 0.03125 0.0425531914893617
1 0.9140625 0.9414893617021277 0.03125 0.0425531914893617
1 0.95703125 0.8111702127659575 0.03125 0.0425531914893617
1 0.9931640625 0.7699468085106383 0.03125 0.0425531914893617
1 0.994140625 0.11170212765957446 0.03125 0.0425531914893617
1 0.9970703125 0.1422872340425532 0.03125 0.0425531914893617
1 0.9765625 0.13297872340425532 0.03125 0.0425531914893617
1 0.8857421875 0.16888297872340424 0.03125 0.0425531914893617
1 0.84765625 0.24069148936170212 0.03125 0.0425531914893617
1 0.7958984375 0.19946808510638298 0.03125 0.0425531914893617
1 0.7490234375 0.11436170212765957 0.03125 0.0425531914893617
1 0.7880859375 0.24069148936170212 0.03125 0.0425531914893617
1 0.8740234375 0.32313829787234044 0.03125 0.0425531914893617
1 0.9521484375 0.34308510638297873 0.03125 0.0425531914893617
1 0.912109375 0.4295212765957447 0.03125 0.0425531914893617
1 0.763671875 0.4401595744680851 0.03125 0.0425531914893617
1 0.79296875 0.4029255319148936 0.03125 0.0425531914893617
1 0.779296875 0.4109042553191489 0.03125 0.0425531914893617
1 0.7490234375 0.4162234042553192 0.03125 0.0425531914893617
1 0.814453125 0.38563829787234044 0.03125 0.0425531914893617
1 0.8154296875 0.3377659574468085 0.03125 0.0425531914893617
1 0.740234375 0.3523936170212766 0.03125 0.0425531914893617
1 0.697265625 0.4800531914893617 0.03125 0.0425531914893617
1 0.7783203125 0.47074468085106386 0.03125 0.0425531914893617
1 0.9912109375 0.5531914893617021 0.03125 0.0425531914893617
1 0.9111328125 0.6103723404255319 0.03125 0.0425531914893617
1 0.609375 0.5944148936170213 0.03125 0.0425531914893617
1 0.5712890625 0.5970744680851063 0.03125 0.0425531914893617
1 0.533203125 0.6037234042553191 0.03125 0.0425531914893617
1 0.4931640625 0.7007978723404256 0.03125 0.0425531914893617
1 0.603515625 0.33111702127659576 0.03125 0.0425531914893617
1 0.5849609375 0.3071808510638298 0.03125 0.0425531914893617
1 0.537109375 0.3470744680851064 0.03125 0.0425531914893617
1 0.5185546875 0.4747340425531915 0.03125 0.0425531914893617
1 0.640625 0.25 0.03125 0.0425531914893617
1 0.650390625 0.21808510638297873 0.03125 0.0425531914893617
1 0.6982421875 0.24069148936170212 0.03125 0.0425531914893617
1 0.5595703125 0.14361702127659576 0.03125 0.0425531914893617
1 0.55078125 0.08643617021276596 0.03125 0.0425531914893617
1 0.529296875 0.0797872340425532 0.03125 0.0425531914893617
1 0.515625 0.2127659574468085 0.03125 0.0425531914893617
1 0.5029296875 0.14095744680851063 0.03125 0.0425531914893617
1 0.560546875 0.8231382978723404 0.03125 0.0425531914893617
1 0.5615234375 0.875 0.03125 0.0425531914893617
1 0.5400390625 0.9029255319148937 0.03125 0.0425531914893617
1 0.51171875 0.9401595744680851 0.03125 0.0425531914893617
1 0.5341796875 0.9867021276595744 0.03125 0.0425531914893617
1 0.5830078125 0.9840425531914894 0.03125 0.0425531914893617
1 0.638671875 0.9561170212765957 0.03125 0.0425531914893617
1 0.6640625 0.910904255319149 0.03125 0.0425531914893617
1 0.697265625 0.8829787234042553 0.03125 0.0425531914893617
1 0.6982421875 0.8457446808510638 0.03125 0.0425531914893617
1 0.66015625 0.8311170212765957 0.03125 0.0425531914893617
1 0.2509765625 0.8457446808510638 0.03125 0.0425531914893617
1 0.4736328125 0.6476063829787234 0.03125 0.0425531914893617
1 0.544921875 0.6835106382978723 0.03125 0.0425531914893617
1 0.583984375 0.4401595744680851 0.03125 0.0425531914893617
1 0.3359375 0.1622340425531915 0.03125 0.0425531914893617
1 0.5 0.4148936170212766 0.03125 0.0425531914893617
1 0.4638671875 0.5199468085106383 0.03125 0.0425531914893617
1 0.5146484375 0.4973404255319149 0.03125 0.0425531914893617
1 0.4912109375 0.5053191489361702 0.03125 0.0425531914893617
1 0.5068359375 0.4734042553191489 0.03125 0.0425531914893617
1 0.3818359375 0.5319148936170213 0.03125 0.0425531914893617
1 0.41796875 0.5917553191489362 0.03125 0.0425531914893617
1 0.4853515625 0.07579787234042554 0.03125 0.0425531914893617
1 0.482421875 0.09574468085106383 0.03125 0.0425531914893617
1 0.474609375 0.09042553191489362 0.03125 0.0425531914893617
1 0.3583984375 0.2247340425531915 0.03125 0.0425531914893617
1 0.427734375 0.25398936170212766 0.03125 0.0425531914893617
1 0.447265625 0.35904255319148937 0.03125 0.0425531914893617
1 0.3974609375 0.363031914893617 0.03125 0.0425531914893617
1 0.3447265625 0.39361702127659576 0.03125 0.0425531914893617
1 0.330078125 0.4308510638297872 0.03125 0.0425531914893617
1 0.29296875 0.42819148936170215 0.03125 0.0425531914893617
1 0.3994140625 0.4946808510638298 0.03125 0.0425531914893617
1 0.4541015625 0.4920212765957447 0.03125 0.0425531914893617
1 0.4697265625 0.4401595744680851 0.03125 0.0425531914893617
1 0.486328125 0.4242021276595745 0.03125 0.0425531914893617
1 0.2626953125 0.20212765957446807 0.03125 0.0425531914893617
1 0.1611328125 0.1449468085106383 0.03125 0.0425531914893617
1 0.1982421875 0.0398936170212766 0.03125 0.0425531914893617
1 0.2294921875 0.27925531914893614 0.03125 0.0425531914893617
1 0.2177734375 0.3178191489361702 0.03125 0.0425531914893617
1 0.1591796875 0.36436170212765956 0.03125 0.0425531914893617
1 0.1748046875 0.42021276595744683 0.03125 0.0425531914893617
1 0.1875 0.4454787234042553 0.03125 0.0425531914893617
1 0.1396484375 0.4867021276595745 0.03125 0.0425531914893617
1 0.0888671875 0.4601063829787234 0.03125 0.0425531914893617
1 0.12890625 0.3976063829787234 0.03125 0.0425531914893617
1 0.0478515625 0.3896276595744681 0.03125 0.0425531914893617
1 0.080078125 0.2978723404255319 0.03125 0.0425531914893617
1 0.0966796875 0.2978723404255319 0.03125 0.0425531914893617
1 0.0517578125 0.3071808510638298 0.03125 0.0425531914893617
1 0.017578125 0.3191489361702128 0.03125 0.0425531914893617
1 0.00390625 0.43617021276595747 0.03125 0.0425531914893617
1 0.015625 0.4973404255319149 0.03125 0.0425531914893617
1 0.0498046875 0.5066489361702128 0.03125 0.0425531914893617
1 0.1337890625 0.5997340425531915 0.03125 0.0425531914893617
1 0.16796875 0.6210106382978723 0.03125 0.0425531914893617
1 0.4189453125 0.09707446808510638 0.03125 0.0425531914893617
1 0.0400390625 0.7101063829787234 0.03125 0.0425531914893617
1 0.16796875 0.7393617021276596 0.03125 0.0425531914893617
1 0.0791015625 0.9335106382978723 0.03125 0.0425531914893617
1 0.099609375 0.9361702127659575 0.03125 0.0425531914893617
1 0.1875 0.8763297872340425 0.03125 0.0425531914893617
1 0.193359375 0.7872340425531915 0.03125 0.0425531914893617
1 0.2275390625 0.7446808510638298 0.03125 0.0425531914893617
1 0.267578125 0.8125 0.03125 0.0425531914893617
1 0.275390625 0.8045212765957447 0.03125 0.0425531914893617
1 0.3056640625 0.9002659574468085 0.03125 0.0425531914893617
1 0.298828125 0.988031914893617 0.03125 0.0425531914893617
1 0.365234375 0.9428191489361702 0.03125 0.0425531914893617
1 0.3740234375 0.9853723404255319 0.03125 0.0425531914893617
1 0.4052734375 0.8710106382978723 0.03125 0.0425531914893617
1 0.48046875 0.776595744680851 0.03125 0.0425531914893617
1 0.18359375 0.9055851063829787 0.03125 0.0425531914893617
1 0.048828125 0.017287234042553192 0.03125 0.0425531914893617
1 0.23828125 0.15425531914893617 0.03125 0.0425531914893617
1 0.5419921875 0.7712765957446809 0.03125 0.0425531914893617