0 0.5869140625 0.1502659574468085 0.03125 0.0425531914893617
0 0.216796875 0.9055851063829787 0.03125 0.0425531914893617
0 0.1796875 0.05319148936170213 0.03125 0.0425531914893617
0 0.060546875 0.013297872340425532 0.03125 0.0425531914893617
0 0.78125 0.24202127659574468 0.03125 0.0425531914893617
0 0.5673828125 0.06914893617021277 0.03125 0.0425531914893617
0 0.7236328125 0.07712765957446809 0.03125 0.0425531914893617
0 0.828125 0.3484042553191489 0.03125 0.0425531914893617
0 0.626953125 0.3351063829787234 0.03125 0.0425531914893617
0 0.59375 0.3962765957446808 0.03125 0.0425531914893617
0 0.55078125 0.48404255319148937 0.03125 0.0425531914893617
0 0.783203125 0.07579787234042554 0.03125 0.0425531914893617
0 0.98828125 0.48936170212765956 0.03125 0.0425531914893617
0 0.70703125 0.5664893617021277 0.03125 0.0425531914893617
0 0.552734375 0.7087765957446809 0.03125 0.0425531914893617
0 0.15625 0.7606382978723404 0.03125 0.0425531914893617
0 0.51171875 0.5186170212765957 0.03125 0.0425531914893617
0 0.5087890625 0.6090425531914894 0.03125 0.0425531914893617
0 0.55078125 0.648936170212766 0.03125 0.0425531914893617
0 0.78515625 0.5917553191489362 0.03125 0.0425531914893617
0 0.857421875 0.675531914893617 0.03125 0.0425531914893617
0 0.7890625 0.6356382978723404 0.03125 0.0425531914893617
0 0.724609375 0.7154255319148937 0.03125 0.0425531914893617
0 0.763671875 0.9547872340425532 0.03125 0.0425531914893617
0 0.978515625 0.75 0.03125 0.0425531914893617
0 0.4033203125 0.851063829787234 0.03125 0.0425531914893617
0 0.921875 0.9175531914893617 0.03125 0.0425531914893617
0 0.35546875 0.9920212765957447 0.03125 0.0425531914893617
0 0.2275390625 0.6941489361702128 0.03125 0.0425531914893617
0 0.015625 0.9906914893617021 0.03125 0.0425531914893617
0 0.0546875 0.5930851063829787 0.03125 0.0425531914893617
0 0.0595703125 0.526595744680851 0.03125 0.0425531914893617
0 0.0830078125 0.5452127659574468 0.03125 0.0425531914893617
0 0.1767578125 0.6356382978723404 0.03125 0.0425531914893617
0 0.185546875 0.5132978723404256 0.03125 0.0425531914893617
0 0.3212890625 0.4095744680851064 0.03125 0.0425531914893617
0 0.2705078125 0.38430851063829785 0.03125 0.0425531914893617
0 0.017578125 0.2992021276595745 0.03125 0.0425531914893617
0 0.2578125 0.15558510638297873 0.03125 0.0425531914893617
0 0.4306640625 0.08643617021276596 0.03125 0.0425531914893617
0 0.130859375 0.26861702127659576 0.03125 0.0425531914893617
1 0.638671875 0.32313829787234044 0.03125 0.0425531914893617
1 0.65234375 0.4029255319148936 0.03125 0.0425531914893617
1 0.677734375 0.4734042553191489 0.03125 0.0425531914893617
1 0.673828125 0.49069148936170215 0.03125 0.0425531914893617
1 0.623046875 0.5013297872340425 0.03125 0.0425531914893617
1 0.546875 0.48936170212765956 0.03125 0.0425531914893617
1 0.5947265625 0.4627659574468085 0.03125 0.0425531914893617
1 0.5341796875 0.4175531914893617 0.03125 0.0425531914893617
1 0.5341796875 0.37632978723404253 0.03125 0.0425531914893617
1 0.5849609375 0.40425531914893614 0.03125 0.0425531914893617
1 0.5146484375 0.3058510638297872 0.03125 0.0425531914893617
1 0.490234375 0.25132978723404253 0.03125 0.0425531914893617
1 0.521484375 0.19946808510638298 0.03125 0.0425531914893617
1 0.5244140625 0.17553191489361702 0.03125 0.0425531914893617
1 0.494140625 0.1422872340425532 0.03125 0.0425531914893617
1 0.576171875 0.17819148936170212 0.03125 0.0425531914893617
1 0.583984375 0.2393617021276596 0.03125 0.0425531914893617
1 0.642578125 0.2220744680851064 0.03125 0.0425531914893617
1 0.630859375 0.24069148936170212 0.03125 0.0425531914893617
1 0.607421875 0.13031914893617022 0.03125 0.0425531914893617
1 0.6044921875 0.07313829787234043 0.03125 0.0425531914893617
1 0.552734375 0.014627659574468085 0.03125 0.0425531914893617
1 0.552734375 0.04521276595744681 0.03125 0.0425531914893617
1 0.6494140625 0.057180851063829786 0.03125 0.0425531914893617
1 0.697265625 0.017287234042553192 0.03125 0.0425531914893617
1 0.6904296875 0.06914893617021277 0.03125 0.0425531914893617
1 0.70703125 0.09175531914893617 0.03125 0.0425531914893617
1 0.7119140625 0.21010638297872342 0.03125 0.0425531914893617
1 0.71875 0.2154255319148936 0.03125 0.0425531914893617
1 0.6611328125 0.2127659574468085 0.03125 0.0425531914893617
1 0.7626953125 0.3723404255319149 0.03125 0.0425531914893617
1 0.775390625 0.3324468085106383 0.03125 0.0425531914893617
1 0.7763671875 0.3178191489361702 0.03125 0.0425531914893617
1 0.8076171875 0.46143617021276595 0.03125 0.0425531914893617
1 0.81640625 0.23138297872340424 0.03125 0.0425531914893617
1 0.8935546875 0.23537234042553193 0.03125 0.0425531914893617
1 0.94140625 0.2726063829787234 0.03125 0.0425531914893617
1 0.919921875 0.18085106382978725 0.03125 0.0425531914893617
1 0.8583984375 0.0625 0.03125 0.0425531914893617
1 0.91796875 0.35771276595744683 0.03125 0.0425531914893617
1 0.8896484375 0.41356382978723405 0.03125 0.0425531914893617
1 0.8740234375 0.4601063829787234 0.03125 0.0425531914893617
1 0.8564453125 0.46675531914893614 0.03125 0.0425531914893617
1 0.8837890625 0.5186170212765957 0.03125 0.0425531914893617
1 0.830078125 0.5651595744680851 0.03125 0.0425531914893617
1 0.8203125 0.5332446808510638 0.03125 0.0425531914893617
1 0.044921875 0.7938829787234043 0.03125 0.0425531914893617
1 0.0234375 0.7752659574468085 0.03125 0.0425531914893617
1 0.0048828125 0.7965425531914894 0.03125 0.0425531914893617
1 0.0517578125 0.8178191489361702 0.03125 0.0425531914893617
1 0.2724609375 0.7287234042553191 0.03125 0.0425531914893617
1 0.263671875 0.7446808510638298 0.03125 0.0425531914893617
1 0.251953125 0.7420212765957447 0.03125 0.0425531914893617
1 0.2587890625 0.7207446808510638 0.03125 0.0425531914893617
1 0.25 0.6781914893617021 0.03125 0.0425531914893617
1 0.17578125 0.6143617021276596 0.03125 0.0425531914893617
1 0.1328125 0.5757978723404256 0.03125 0.0425531914893617
1 0.1142578125 0.5212765957446809 0.03125 0.0425531914893617
1 0.16015625 0.511968085106383 0.03125 0.0425531914893617
1 0.189453125 0.47606382978723405 0.03125 0.0425531914893617
1 0.279296875 0.5917553191489362 0.03125 0.0425531914893617
1 0.048828125 0.46941489361702127 0.03125 0.0425531914893617
1 0.01171875 0.3617021276595745 0.03125 0.0425531914893617
1 0.1318359375 0.4175531914893617 0.03125 0.0425531914893617
1 0.1796875 0.38563829787234044 0.03125 0.0425531914893617
1 0.138671875 0.35638297872340424 0.03125 0.0425531914893617
1 0.0595703125 0.26728723404255317 0.03125 0.0425531914893617
1 0.09765625 0.27393617021276595 0.03125 0.0425531914893617
1 0.0888671875 0.24335106382978725 0.03125 0.0425531914893617
1 0.005859375 0.1901595744680851 0.03125 0.0425531914893617
1 0.171875 0.26861702127659576 0.03125 0.0425531914893617
1 0.263671875 0.20212765957446807 0.03125 0.0425531914893617
1 0.29296875 0.20212765957446807 0.03125 0.0425531914893617
1 0.17578125 0.15558510638297873 0.03125 0.0425531914893617
1 0.1123046875 0.949468085106383 0.03125 0.0425531914893617
1 0.130859375 0.8789893617021277 0.03125 0.0425531914893617
1 0.0537109375 0.9175531914893617 0.03125 0.0425531914893617
1 0.0263671875 0.8696808510638298 0.03125 0.0425531914893617
1 0.2294921875 0.0851063829787234 0.03125 0.0425531914893617
1 0.267578125 0.5452127659574468 0.03125 0.0425531914893617
1 0.1708984375 0.9002659574468085 0.03125 0.0425531914893617
1 0.3818359375 0.6422872340425532 0.03125 0.0425531914893617
1 0.3515625 0.6888297872340425 0.03125 0.0425531914893617
1 0.33984375 0.6941489361702128 0.03125 0.0425531914893617
1 0.353515625 0.5531914893617021 0.03125 0.0425531914893617
1 0.7490234375 0.8843085106382979 0.03125 0.0425531914893617
1 0.7490234375 0.9827127659574468 0.03125 0.0425531914893617
1 0.6767578125 0.9295212765957447 0.03125 0.0425531914893617
1 0.7080078125 0.9055851063829787 0.03125 0.0425531914893617
1 0.66796875 0.8045212765957447 0.03125 0.0425531914893617
1 0.65625 0.836436170212766 0.03125 0.0425531914893617
1 0.58984375 0.8882978723404256 0.03125 0.0425531914893617
1 0.6123046875 0.9268617021276596 0.03125 0.0425531914893617
1 0.48046875 0.898936170212766 0.03125 0.0425531914893617
1 0.404296875 0.8789893617021277 0.03125 0.0425531914893617
1 0.37890625 0.9002659574468085 0.03125 0.0425531914893617
1 0.375 0.8922872340425532 0.03125 0.0425531914893617
1 0.3359375 0.898936170212766 0.03125 0.0425531914893617
1 0.3076171875 0.898936170212766 0.03125 0.0425531914893617
1 0.33984375 0.7872340425531915 0.03125 0.0425531914893617
1 0.333984375 0.776595744680851 0.03125 0.0425531914893617
1 0.4326171875 0.6821808510638298 0.03125 0.0425531914893617
1 0.2802734375 0.8085106382978723 0.03125 0.0425531914893617
1 0.4287109375 0.5345744680851063 0.03125 0.0425531914893617
1 0.3818359375 0.36569148936170215 0.03125 0.0425531914893617
1 0.3115234375 0.40558510638297873 0.03125 0.0425531914893617
1 0.310546875 0.37632978723404253 0.03125 0.0425531914893617
1 0.2822265625 0.36436170212765956 0.03125 0.0425531914893617
1 0.267578125 0.37367021276595747 0.03125 0.0425531914893617
1 0.28125 0.2566489361702128 0.03125 0.0425531914893617
1 0.7421875 0.8284574468085106 0.03125 0.0425531914893617
1 0.6201171875 0.8497340425531915 0.03125 0.0425531914893617
1 0.6064453125 0.8736702127659575 0.03125 0.0425531914893617
1 0.5986328125 0.8284574468085106 0.03125 0.0425531914893617
1 0.5888671875 0.7872340425531915 0.03125 0.0425531914893617
1 0.5166015625 0.7965425531914894 0.03125 0.0425531914893617
1 0.572265625 0.9122340425531915 0.03125 0.0425531914893617
1 0.6435546875 0.6622340425531915 0.03125 0.0425531914893617
1 0.6396484375 0.7207446808510638 0.03125 0.0425531914893617
1 0.572265625 0.723404255319149 0.03125 0.0425531914893617
1 0.568359375 0.6329787234042553 0.03125 0.0425531914893617
1 0.6357421875 0.5531914893617021 0.03125 0.0425531914893617
1 0.7060546875 0.5678191489361702 0.03125 0.0425531914893617
1 0.384765625 0.4441489361702128 0.03125 0.0425531914893617
1 0.380859375 0.3191489361702128 0.03125 0.0425531914893617
1 0.9375 0.6928191489361702 0.03125 0.0425531914893617
1 0.9814453125 0.6263297872340425 0.03125 0.0425531914893617
1 0.8603515625 0.7167553191489362 0.03125 0.0425531914893617
1 0.767578125 0.6861702127659575 0.03125 0.0425531914893617
1 0.7197265625 0.6715425531914894 0.03125 0.0425531914893617
1 0.697265625 0.636968085106383 0.03125 0.0425531914893617
1 0.431640625 0.2872340425531915 0.03125 0.0425531914893617
1 0.4033203125 0.19414893617021275 0.03125 0.0425531914893617
1 0.421875 0.13297872340425532 0.03125 0.0425531914893617
1 0.458984375 0.13430851063829788 0.03125 0.0425531914893617
1 0.861328125 0.7699468085106383 0.03125 0.0425531914893617
1 0.8798828125 0.8896276595744681 0.03125 0.0425531914893617
1 0.921875 0.9441489361702128 0.03125 0.0425531914893617
1 0.88671875 0.9920212765957447 0.03125 0.0425531914893617
1 0.9150390625 0.7632978723404256 0.03125 0.0425531914893617
1 0.6044921875 0.9042553191489362 0.03125 0.0425531914893617
1 0.134765625 0.06382978723404255 0.03125 0.0425531914893617
1 0.126953125 0.07712765957446809 0.03125 0.0425531914893617
1 0.060546875 0.09308510638297872 0.03125 0.0425531914893617
1 0.021484375 0.08111702127659574 0.03125 0.0425531914893617
1 0.154296875 0.02526595744680851 0.03125 0.0425531914893617
1 0.169921875 0.014627659574468085 0.03125 0.0425531914893617
1 0.2822265625 0.007978723404255319 0.03125 0.0425531914893617
1 0.38671875 0.007978723404255319 0.03125 0.0425531914893617
1 0.4150390625 0.4242021276595745 0.03125 0.0425531914893617
1 0.9296875 0.8550531914893617 0.03125 0.0425531914893617
1 0.83203125 0.8843085106382979 0.03125 0.0425531914893617
1 0.740234375 0.9720744680851063 0.03125 0.0425531914893617
1 0.07421875 0.0678191489361702 0.03125 0.0425531914893617
1 0.986328125 0.8590425531914894 0.03125 0.0425531914893617