0 0.98828125 0.09574468085106383 0.03125 0.0425531914893617
0 0.96875 0.0797872340425532 0.03125 0.0425531914893617
0 0.9072265625 0.03324468085106383 0.03125 0.0425531914893617
0 0.6845703125 0.05319148936170213 0.03125 0.0425531914893617
0 0.818359375 0.5877659574468085 0.03125 0.0425531914893617
0 0.34765625 0.02127659574468085 0.03125 0.0425531914893617
0 0.3203125 0.07047872340425532 0.03125 0.0425531914893617
0 0.9072265625 0.9867021276595744 0.03125 0.0425531914893617
0 0.962890625 0.8962765957446809 0.03125 0.0425531914893617
0 0.599609375 0.47606382978723405 0.03125 0.0425531914893617
0 0.619140625 0.3962765957446808 0.03125 0.0425531914893617
0 0.630859375 0.42819148936170215 0.03125 0.0425531914893617
0 0.451171875 0.6276595744680851 0.03125 0.0425531914893617
0 0.25 0.09840425531914894 0.03125 0.0425531914893617
0 0.5087890625 0.8962765957446809 0.03125 0.0425531914893617
0 0.740234375 0.9853723404255319 0.03125 0.0425531914893617
0 0.521484375 0.20877659574468085 0.03125 0.0425531914893617
0 0.455078125 0.6462765957446809 0.03125 0.0425531914893617
0 0.3671875 0.6914893617021277 0.03125 0.0425531914893617
0 0.197265625 0.08643617021276596 0.03125 0.0425531914893617
0 0.654296875 0.9680851063829787 0.03125 0.0425531914893617
0 0.033203125 0.40425531914893614 0.03125 0.0425531914893617
0 0.0205078125 0.19414893617021275 0.03125 0.0425531914893617
0 0.2626953125 0.3351063829787234 0.03125 0.0425531914893617
0 0.0673828125 0.5851063829787234 0.03125 0.0425531914893617
0 0.15234375 0.526595744680851 0.03125 0.0425531914893617
0 0.283203125 0.3776595744680851 0.03125 0.0425531914893617
0 0.0244140625 0.7087765957446809 0.03125 0.0425531914893617
1 0.8955078125 0.08909574468085106 0.03125 0.0425531914893617
1 0.8876953125 0.13829787234042554 0.03125 0.0425531914893617
1 0.9140625 0.18085106382978725 0.03125 0.0425531914893617
1 0.98828125 0.2393617021276596 0.03125 0.0425531914893617
1 0.8671875 0.17819148936170212 0.03125 0.0425531914893617
1 0.828125 0.15425531914893617 0.03125 0.0425531914893617
1 0.8330078125 0.0797872340425532 0.03125 0.0425531914893617
1 0.75390625 0.14361702127659576 0.03125 0.0425531914893617
1 0.759765625 0.07313829787234043 0.03125 0.0425531914893617
1 0.783203125 0.24867021276595744 0.03125 0.0425531914893617
1 0.775390625 0.2047872340425532 0.03125 0.0425531914893617
1 0.619140625 0.0797872340425532 0.03125 0.0425531914893617
1 0.62109375 0.11037234042553191 0.03125 0.0425531914893617
1 0.49609375 0.026595744680851064 0.03125 0.0425531914893617
1 0.9345703125 0.589095744680851 0.03125 0.0425531914893617
1 0.955078125 0.5478723404255319 0.03125 0.0425531914893617
1 0.998046875 0.6569148936170213 0.03125 0.0425531914893617
1 0.9638671875 0.660904255319149 0.03125 0.0425531914893617
1 0.8583984375 0.6888297872340425 0.03125 0.0425531914893617
1 0.7724609375 0.6316489361702128 0.03125 0.0425531914893617
1 0.6787109375 0.7367021276595744 0.03125 0.0425531914893617
1 0.666015625 0.6688829787234043 0.03125 0.0425531914893617
1 0.646484375 0.6968085106382979 0.03125 0.0425531914893617
1 0.6923828125 0.5585106382978723 0.03125 0.0425531914893617
1 0.53515625 0.5811170212765957 0.03125 0.0425531914893617
1 0.5107421875 0.5571808510638298 0.03125 0.0425531914893617
1 0.546875 0.5053191489361702 0.03125 0.0425531914893617
1 0.52734375 0.6861702127659575 0.03125 0.0425531914893617
1 0.962890625 0.8018617021276596 0.03125 0.0425531914893617
1 0.8984375 0.788563829787234 0.03125 0.0425531914893617
1 0.9287109375 0.8763297872340425 0.03125 0.0425531914893617
1 0.849609375 0.8404255319148937 0.03125 0.0425531914893617
1 0.8515625 0.964095744680851 0.03125 0.0425531914893617
1 0.7705078125 0.9933510638297872 0.03125 0.0425531914893617
1 0.7734375 0.9082446808510638 0.03125 0.0425531914893617
1 0.7099609375 0.8909574468085106 0.03125 0.0425531914893617
1 0.802734375 0.7460106382978723 0.03125 0.0425531914893617
1 0.7548828125 0.785904255319149 0.03125 0.0425531914893617
1 0.537109375 0.8138297872340425 0.03125 0.0425531914893617
1 0.5400390625 0.9308510638297872 0.03125 0.0425531914893617
1 0.5615234375 0.9867021276595744 0.03125 0.0425531914893617
1 0.490234375 0.8922872340425532 0.03125 0.0425531914893617
1 0.478515625 0.7074468085106383 0.03125 0.0425531914893617
1 0.4697265625 0.776595744680851 0.03125 0.0425531914893617
1 0.455078125 0.7659574468085106 0.03125 0.0425531914893617
1 0.41796875 0.7659574468085106 0.03125 0.0425531914893617
1 0.40234375 0.7273936170212766 0.03125 0.0425531914893617
1 0.416015625 0.6768617021276596 0.03125 0.0425531914893617
1 0.470703125 0.586436170212766 0.03125 0.0425531914893617
1 0.4384765625 0.538563829787234 0.03125 0.0425531914893617
1 0.3447265625 0.6329787234042553 0.03125 0.0425531914893617
1 0.32421875 0.5531914893617021 0.03125 0.0425531914893617
1 0.310546875 0.5212765957446809 0.03125 0.0425531914893617
1 0.3056640625 0.5398936170212766 0.03125 0.0425531914893617
1 0.2802734375 0.5226063829787234 0.03125 0.0425531914893617
1 0.29296875 0.5638297872340425 0.03125 0.0425531914893617
1 0.2607421875 0.6436170212765957 0.03125 0.0425531914893617
1 0.314453125 0.6875 0.03125 0.0425531914893617
1 0.2626953125 0.7513297872340425 0.03125 0.0425531914893617
1 0.3095703125 0.800531914893617 0.03125 0.0425531914893617
1 0.3427734375 0.925531914893617 0.03125 0.0425531914893617
1 0.2861328125 0.9202127659574468 0.03125 0.0425531914893617
1 0.3759765625 0.9242021276595744 0.03125 0.0425531914893617
1 0.4189453125 0.9507978723404256 0.03125 0.0425531914893617
1 0.443359375 0.9627659574468085 0.03125 0.0425531914893617
1 0.2861328125 0.9946808510638298 0.03125 0.0425531914893617
1 0.2607421875 0.9933510638297872 0.03125 0.0425531914893617
1 0.2333984375 0.863031914893617 0.03125 0.0425531914893617
1 0.158203125 0.9933510638297872 0.03125 0.0425531914893617
1 0.0966796875 0.848404255319149 0.03125 0.0425531914893617
1 0.060546875 0.8976063829787234 0.03125 0.0425531914893617
1 0.001953125 0.9667553191489362 0.03125 0.0425531914893617
1 0.00390625 0.8670212765957447 0.03125 0.0425531914893617
1 0.0927734375 0.7779255319148937 0.03125 0.0425531914893617
1 0.05859375 0.699468085106383 0.03125 0.0425531914893617
1 0.162109375 0.6835106382978723 0.03125 0.0425531914893617
1 0.1962890625 0.7699468085106383 0.03125 0.0425531914893617
1 0.2109375 0.6529255319148937 0.03125 0.0425531914893617
1 0.2353515625 0.6675531914893617 0.03125 0.0425531914893617
1 0.0078125 0.6170212765957447 0.03125 0.0425531914893617
1 0.203125 0.5 0.03125 0.0425531914893617
1 0.0869140625 0.46941489361702127 0.03125 0.0425531914893617
1 0.04296875 0.4295212765957447 0.03125 0.0425531914893617
1 0.10546875 0.40425531914893614 0.03125 0.0425531914893617
1 0.1689453125 0.3962765957446808 0.03125 0.0425531914893617
1 0.134765625 0.3257978723404255 0.03125 0.0425531914893617
1 0.1455078125 0.28856382978723405 0.03125 0.0425531914893617
1 0.181640625 0.29521276595744683 0.03125 0.0425531914893617
1 0.1875 0.2646276595744681 0.03125 0.0425531914893617
1 0.2333984375 0.2752659574468085 0.03125 0.0425531914893617
1 0.048828125 0.31117021276595747 0.03125 0.0425531914893617
1 0.041015625 0.2845744680851064 0.03125 0.0425531914893617
1 0.33984375 0.4002659574468085 0.03125 0.0425531914893617
1 0.333984375 0.4029255319148936 0.03125 0.0425531914893617
1 0.34765625 0.36569148936170215 0.03125 0.0425531914893617
1 0.3525390625 0.425531914893617 0.03125 0.0425531914893617
1 0.419921875 0.4109042553191489 0.03125 0.0425531914893617
1 0.4169921875 0.3537234042553192 0.03125 0.0425531914893617
1 0.0 0.047872340425531915 0.03125 0.0425531914893617
1 0.0673828125 0.0026595744680851063 0.03125 0.0425531914893617
1 0.048828125 0.009308510638297872 0.03125 0.0425531914893617
1 0.0703125 0.03324468085106383 0.03125 0.0425531914893617
1 0.7421875 0.08909574468085106 0.03125 0.0425531914893617
1 0.1728515625 0.21808510638297873 0.03125 0.0425531914893617
1 0.1396484375 0.19680851063829788 0.03125 0.0425531914893617
1 0.13671875 0.14627659574468085 0.03125 0.0425531914893617
1 0.013671875 0.19680851063829788 0.03125 0.0425531914893617
1 0.3017578125 0.11702127659574468 0.03125 0.0425531914893617
1 0.3623046875 0.1422872340425532 0.03125 0.0425531914893617
1 0.3740234375 0.12234042553191489 0.03125 0.0425531914893617
1 0.4130859375 0.08776595744680851 0.03125 0.0425531914893617
1 0.3935546875 0.057180851063829786 0.03125 0.0425531914893617
1 0.4296875 0.06914893617021277 0.03125 0.0425531914893617
1 0.6748046875 0.11170212765957446 0.03125 0.0425531914893617
1 0.619140625 0.24069148936170212 0.03125 0.0425531914893617
1 0.630859375 0.2752659574468085 0.03125 0.0425531914893617
1 0.4931640625 0.21808510638297873 0.03125 0.0425531914893617
1 0.484375 0.2473404255319149 0.03125 0.0425531914893617
1 0.4970703125 0.27393617021276595 0.03125 0.0425531914893617
1 0.455078125 0.15558510638297873 0.03125 0.0425531914893617
1 0.451171875 0.14627659574468085 0.03125 0.0425531914893617
1 0.421875 0.22606382978723405 0.03125 0.0425531914893617
1 0.4716796875 0.3337765957446808 0.03125 0.0425531914893617
1 0.515625 0.39095744680851063 0.03125 0.0425531914893617
1 0.5263671875 0.4375 0.03125 0.0425531914893617
1 0.552734375 0.43351063829787234 0.03125 0.0425531914893617
1 0.66015625 0.3776595744680851 0.03125 0.0425531914893617
1 0.6708984375 0.2898936170212766 0.03125 0.0425531914893617
1 0.7900390625 0.39228723404255317 0.03125 0.0425531914893617
1 0.8408203125 0.37898936170212766 0.03125 0.0425531914893617
1 0.841796875 0.3550531914893617 0.03125 0.0425531914893617
1 0.8232421875 0.35106382978723405 0.03125 0.0425531914893617
1 0.9482421875 0.29654255319148937 0.03125 0.0425531914893617
1 0.9443359375 0.37367021276595747 0.03125 0.0425531914893617
1 0.9501953125 0.42819148936170215 0.03125 0.0425531914893617
1 0.8408203125 0.4587765957446808 0.03125 0.0425531914893617
1 0.830078125 0.523936170212766 0.03125 0.0425531914893617
1 0.8154296875 0.511968085106383 0.03125 0.0425531914893617
1 0.810546875 0.535904255319149 0.03125 0.0425531914893617
1 0.7578125 0.5093085106382979 0.03125 0.0425531914893617
1 0.7451171875 0.4946808510638298 0.03125 0.0425531914893617
1 0.7529296875 0.574468085106383 0.03125 0.0425531914893617
1 0.728515625 0.538563829787234 0.03125 0.0425531914893617
1 0.7392578125 0.5718085106382979 0.03125 0.0425531914893617